--> 1 <--
[[-5.4291141328778565, -7.5563088523238555, -3.3496034149352436, -0.7087571153608274], [5, -2, 4, 4], [-4.798155131220053, -7.577653457634997, -3.0939617806899826, 0.12257510896280258], [-4.720230842272134, -7.5731374319759395, -3.412137770626866, 0.14080198288258167], [-5.315197361536432, -7.559437767442024, -3.385906984578235, 0.1476501571646298], [2, -7.56246602982781, -3.2863309241290937, -0.023397435190771115], [-0.5774205627400643, -6.310131874641854, -1.5014052075785616, 0.00308483631189131], [1, -1, 1, -1], [-5.67215482292948, -7.5718241069919365, -3.476865405193986, 0.18824901575979858], [-5.412709568481491, -7.575234335953099, -3.2951407198675238, -0.6549986344627786]]
[9, 10, 9, 9, 9, 10, 10, 6, 9, 9]

--> 2 <--
[[4.875857345043628, -6.959608557472642, -2.927646741875429, 0.7592051000998893], [-4.757599231381736, -7.573515393458771, -3.172008247005185, 0.12369413336389407], [-3.266600537662947, -6.470493068287828, -2.452385421576907, 0.08368363768361674], [2, -7.56246602982781, -3.2863309241290937, -0.023397435190771115], [-2.506089381232708, -6.792639474511947, -3.1085821883584415, -0.4625156673172856], [5, -2, 4, 4], [-2.3583271459916277, -7.561707428421265, -3.301745167206869, -0.6536524364844399], [-0.5774205627400643, -6.310131874641854, -1.5014052075785616, 0.00308483631189131], [-3.603444714094697, -7.571576986283395, -3.3230102668621573, 0.033984374657095695], [-5.345021529642712, -7.56382471325086, -3.3396035213528283, -0.24341145983680418]]
[12, 9, 7, 10, 7, 9, 9, 9, 7, 11]

--> 3 <--
[[2, -7.56246602982781, -3.2863309241290937, -0.023397435190771115], [4.875857345043628, -6.959608557472642, -2.927646741875429, 0.7592051000998893], [4.825643480124564, -7.13963770600385, -3.2696086424691875, 0.30968094913712624], [-0.4759150201404707, -5.714226851780271, -0.8603874491362578, 0.07394724420756027], [-5.345021529642712, -7.56382471325086, -3.3396035213528283, -0.24341145983680418], [6.194436922433041, -6.509746252892006, -2.5824203893320004, 0.2553954613606917], [-2.6121970462972453, -7.317313574232146, -3.301103543262945, 0.642371904380129], [-3.9384301975977962, -7.564116515798989, -3.1811519271996516, 0.11369164523190173], [-3.8652483552574184, -7.2383361470753025, -3.2014428155994494, 0.6455403336450697], [-4.283404179762472, -7.563396829035615, -3.308836340564152, -0.5623203807603517]]
[10, 13, 10, 7, 11, 9, 9, 6, 6, 9]

--> 4 <--
[[2.822205775081861, -7.248809108966383, -3.2798858036004193, 0.16145112745792392], [4.875857345043628, -11.33002126500066, -2.927646741875429, 0.7592051000998893], [-5.345021529642712, -7.56382471325086, -3.3396035213528283, -0.24341145983680418], [-1.183812669914218, -7.129885613679269, -3.041954519410953, -0.10150883504360247], [2, -7.56246602982781, -3.2863309241290937, -0.023397435190771115], [-2.7583368449505565, -7.55046720731997, -3.3196013882965643, 0.17975354766828538], [2.0848945296391683, -7.029154585018993, -3.184488847953481, -0.2328403888717146], [1.3743733238299187, -7.56344295739102, -3.337287010613534, 1.158614783387449], [3.0715132215165863, -7.045971090857939, -2.9810806951187265, -1.2319583445237952], [2.9599116522249838, -7.030353511362312, -3.045464805927954, 0.41566444831814864]]
[11, 5, 9, 9, 11, 9, 11, 3, 11, 11]

--> 5 <--
[[2.822205775081861, -7.248809108966383, -3.2798858036004193, 0.16145112745792392], [1.3899909853421126, -7.562946932025857, -3.3280127114141274, -2.7342552854911752], [1.6639081796669568, -7.563045151606352, -3.3282491334535425, 1.0663037324628732], [2.0848945296391683, -7.029154585018993, -3.184488847953481, -0.2328403888717146], [2, -7.56246602982781, -3.2863309241290937, -0.023397435190771115], [2.6414655601497845, -7.061521567626103, -3.190136278139474, -0.127585116842165], [3.7369468791353877, -7.55166566618364, -3.287348888127986, 0.07489827157359018], [2.5847439957571137, -7.220710687393218, -3.2599668987813697, 0.15432695060484378], [2.3615732860503376, -7.385035420177713, -3.2799700367835802, 0.0010307024824649964], [3.0065305488134912, -7.044396724157679, -3.0118322888094404, -0.3385643139321918]]
[10, 8, 2, 10, 10, 10, 10, 10, 10, 10]

--> 6 <--
[[2.0848945296391683, -7.029154585018993, -3.184488847953481, -0.2328403888717146], [2.7161312963252207, -7.237510669858798, -3.2599835915531483, 0.15553464297001512], [2.0881129212610925, -7.444692388872058, -3.015846780505749, -0.1567773898084839], [2.63515925564742, -7.181120859532183, -4.656943133140125, 0.012781033159157185], [2.822205775081861, -7.248809108966383, -1.6671529297294745, 0.16145112745792392], [2, -7.56246602982781, -3.2863309241290937, -0.023397435190771115], [2.797729753160272, -7.369611207237279, -3.262965139978144, -0.08963739996068665], [1.5927866936531574, -7.427047723702513, -3.2950065264557, -0.392498942219635], [2.608298966797829, -7.267243419078328, -3.264046492209732, 0.09099368442081973], [2.367512692625539, -7.047557641534125, -3.2354646180850963, -0.09699334379041506]]
[11, 11, 11, 1, 1, 11, 11, 11, 11, 11]

--> 7 <--
[[2.489079080265158, -7.253363972628111, -0.15950615418542746, 0.01786607539436566], [1.885623709335739, -7.467303953982619, -3.286898553370511, -0.11907867993389896], [2.5478582925545936, -7.130366740104732, -3.225830934332374, -0.0649680144950838], [2.4077631309436613, -7.341645133980206, -3.2810057018362633, -0.2413122593112288], [2.428530394342313, -7.051480778957539, -3.237928577662305, -0.007200647497118497], [2.7161312963252207, -7.237510669858798, -3.2599835915531483, 0.15553464297001512], [2.0881129212610925, -7.444692388872058, -3.015846780505749, -0.1567773898084839], [2.7369160766446394, -7.316799005490736, -3.26074489967861, 0.020620556581374898], [2.0848945296391683, -7.029154585018993, -3.184488847953481, -0.2328403888717146], [2.0360048889643068, -7.2812701901973504, -3.287972484298531, -0.14365232075760626]]
[0, 10, 10, 10, 10, 10, 10, 10, 10, 10]

--> 8 <--
[[2.3666772063543347, -7.265787248384177, -3.246247367480256, -0.2408945352674871], [2.453443018525988, -7.094505897327782, -3.1919247146642746, -0.11942538790720675], [2.5478582925545936, -7.130366740104732, -3.225830934332374, -0.0649680144950838], [2.492768907582767, -7.135570672941867, -3.2404245156234546, -0.08456745330785671], [2.7165435745878863, -7.298811033792625, -3.260294565376218, 0.15532614824449287], [2.5578561533227644, -7.200328287551235, -3.253200264206072, 0.14003151045924736], [2.3435534552904134, -7.3829908278322645, -3.245515483426323, -0.05452272058547043], [2.593517413550324, -7.4136247194456235, -3.172282587363137, -0.013705774512208627], [2.4077631309436613, -7.341645133980206, -3.2810057018362633, -0.2413122593112288], [1.885623709335739, -7.467303953982619, -3.286898553370511, -0.11907867993389896]]
[9, 9, 9, 9, 9, 9, 9, 9, 9, 9]

--> 9 <--
[[2.4173821147546293, -7.170121546605174, -3.274209921504509, -0.20185334453863937], [2.5251121659216955, -7.187423818681557, -3.1946676716848015, 0.004317413997551492], [2.5478582925545936, -7.130366740104732, -3.225830934332374, -0.0649680144950838], [2.3588628942340018, -7.374449124638149, -3.7935264223011282, -0.16869309146714068], [2.4448013924585648, -7.128071124443568, -3.2297532519319843, -0.20561235234375655], [2.453443018525988, -7.094505897327782, -3.1919247146642746, -0.11942538790720675], [2.614863913048226, -7.205164904732007, -3.247736276882944, 0.12216639477032766], [2.427561581085261, -7.183145342504063, -3.2692686811068086, -0.09472290065160924], [2.3666772063543347, -7.265787248384177, -7.1761375035189925, -0.2408945352674871], [2.5493644887958515, -7.287362330975512, -3.237726392390116, 0.11784386054654211]]
[10, 10, 10, 10, 10, 10, 10, 10, 0, 10]

--> 10 <--
[[2.5603251456604386, -7.1741953253665525, -3.230599842155606, -0.13749766855041995], [2.541942644218535, -7.246591913573789, -3.2063697342171746, 0.05341618940003397], [2.5478582925545936, -7.130366740104732, -3.225830934332374, -0.0649680144950838], [2.5251121659216955, -7.187423818681557, -3.1946676716848015, 0.004317413997551492], [2.3703482906027267, -7.214788796132774, -3.708402203368997, -0.12690697387075411], [2.5251834555970256, -7.165603278182017, -3.216926222771542, -0.006275878662944856], [2.469008842427078, -7.261694447209316, -3.2654543504610234, 0.07125291702166986], [1.6405692201769893, -7.170121546605174, -3.274209921504509, -0.20185334453863937], [2.3768312315169804, -7.235735208384253, -3.2577760702119365, -0.1571414869151757], [2.466814140474349, -7.126685933284635, -3.209606124205648, 0.010064298247853473]]
[9, 9, 9, 9, 9, 9, 9, 9, 9, 9]

--> 11 <--
[[2.541942644218535, -7.246591913573789, -3.2063697342171746, 0.05341618940003397], [2.5454371922596013, -7.195189507986604, -3.234961809136921, -0.13874411168706957], [2.5478582925545936, -7.130366740104732, -3.225830934332374, -0.0649680144950838], [2.404563358757052, -7.219371101448427, -3.430781456725142, -0.06965746514741918], [2.2341788153800004, -7.189934715644342, -3.2615600794258786, -0.16889910801653077], [2.4518742131953974, -7.177309567921814, -3.2293514378729364, -0.09617934304895939], [2.5603251456604386, -7.1741953253665525, -3.230599842155606, -0.13749766855041995], [2.4682641953995947, -7.20549633901899, -5.098068631426315, 0.02293275466471611], [2.4442469522535832, -7.191827510781876, -3.3233630976229973, -0.13129458985410405], [2.488839787671149, -7.223746366517548, -3.2388592246424674, -0.1498837382164242]]
[9, 9, 9, 9, 9, 9, 9, 9, 9, 9]

--> 12 <--
[[2.2353533665069, -7.18263152349246, -3.258106354283517, -0.10169883096062739], [2.5454371922596013, -7.195189507986604, -3.234961809136921, -0.13874411168706957], [2.5353853490138913, -7.2060578135890685, -3.2388083922005837, -0.1402929570392159], [2.5478582925545936, -7.130366740104732, -3.225830934332374, -0.0649680144950838], [2.535790053359504, -7.194200712057974, -3.2826142798941755, -0.13177226794796107], [2.4121000731735567, -7.191625286194247, -3.292079796160344, -0.06618894986870333], [2.546917349983817, -7.193178161375759, -3.23358619763158, -0.13870955204403546], [2.541942644218535, -7.246591913573789, -3.2063697342171746, 0.05341618940003397], [2.519753043666645, -7.191044592716912, -3.2320017069125435, -0.13713715794877548], [2.2482504324312447, -7.197698437503714, -3.400898110030888, -0.13365247446873316]]
[9, 9, 9, 9, 9, 9, 9, 9, 9, 9]

--> 13 <--
[[2.5454371922596013, -7.195189507986604, -3.234961809136921, -0.13874411168706957], [2.393420640348067, -7.195226066470304, -3.3978260417029054, -0.10331760368650161], [2.2485536388221896, -7.153921813511529, -3.2295614499839447, -0.0956655630290833], [2.5359529697226204, -7.136209517858515, -3.2285503251995484, -0.10751722493004762], [2.3213809069860396, -7.196774841138095, -3.3530984803673807, -0.10715105451239082], [2.4369238322321847, -7.193341126562224, -3.289371773270095, -0.09793905361738121], [2.544217300154651, -7.157363676495395, -3.218075599636336, -0.0462402905463406], [2.2353533665069, -7.18263152349246, -3.258106354283517, -0.10169883096062739], [2.5354212365040243, -7.19555793213916, -3.255911847497468, -0.13683649626381417], [2.5353853490138913, -7.2060578135890685, -3.2388083922005837, 3.831722690681764]]
[10, 10, 10, 10, 10, 10, 10, 10, 10, 0]

--> 14 <--
[[2.5376532767555537, -7.184318214551578, -3.2331702189570373, -0.08665158878182638], [2.5454371922596013, -7.195189507986604, -3.234961809136921, -0.13874411168706957], [2.512893270683767, -7.186083503822395, -3.251650244082821, -2.8984176630105], [2.2754485737474557, -7.165227804037561, -3.2463080139379237, -0.10345210492559452], [2.2485536388221896, -7.153921813511529, -3.2295614499839447, -0.0956655630290833], [2.537805984948028, -7.1733317630136675, -3.230942747396511, -0.10429019330594745], [2.5228520202987745, -7.196235574803721, -3.267294006181588, -0.11520367800256573], [2.3687538450622116, -7.193979291285517, -3.262990824206278, -0.11809062265049211], [2.393420640348067, -7.195226066470304, -3.3978260417029054, -0.10331760368650161], [2.466821553175855, -7.171871879603406, -3.2405171536201194, -0.1071939391616485]]
[9, 9, 9, 9, 9, 9, 9, 9, 9, 9]

--> 15 <--
[[2.5376532767555537, -11.105597519032337, -3.2331702189570373, -0.08665158878182638], [2.5313798764157083, -7.181966465955689, -3.233950497602395, -0.8816880445833898], [2.5212158965612104, -7.160844761685857, -3.229905311415093, -0.09670005086826207], [2.4253331344257703, -7.192601653937738, -3.329821752947075, -0.2836264782450704], [2.512893270683767, -7.186083503822395, -3.251650244082821, -2.8984176630105], [2.40309538767717, -7.157792639324316, -3.230519730024837, -0.09845623342303278], [2.2792402776172285, -7.165188768458377, -3.2297484606528033, -0.1036251396735327], [2.3024150416977616, -7.190614366915847, -3.261971833487989, -2.9303731503955825], [2.5454371922596013, -7.195189507986604, -3.234961809136921, -0.13874411168706957], [5.885213403850333, -7.1907754606038115, -3.3974832537440625, -1.145964467322973]]
[9, 9, 9, 9, 9, 9, 9, 9, 9, 9]

--> 16 <--
[[3.6162499361777005, -7.158834682363178, -3.3134307618502614, -0.7753324282924328], [2.2892903017741735, -7.16943732312931, -3.230805561960158, -0.17691353190821432], [2.524349982918318, -8.325134441835168, -3.229856763324864, -0.09626453663059208], [2.5212158965612104, -7.160844761685857, -3.229905311415093, -0.09670005086826207], [2.5376532767555537, -11.105597519032337, -3.2331702189570373, -0.08665158878182638], [3.948516855031135, -7.1670684460464145, -3.359756166366041, -0.685315073323218], [2.5313798764157083, -7.181966465955689, -3.233950497602395, -0.8816880445833898], [2.3332761886425892, -7.1625047178079475, -6.8813881823293706, -0.10265470797463423], [2.5424625171181723, -7.195155122730437, -7.46020156925586, -0.8483306390152483], [2.533114908063082, -8.619029760684967, -3.2322496974799306, -0.09497076956783411]]
[10, 10, 10, 10, 9, 10, 10, 10, 1, 10]

--> 17 <--
[[2.537174724152454, -8.677120545830288, -3.232546699362687, -0.09255316765775443], [2.524349982918318, -8.325134441835168, -3.229856763324864, -0.09626453663059208], [2.532473956208907, -7.905167386549498, -3.2327738420799284, -0.7513094135500908], [2.397115718356452, -7.639218577144686, -3.231866763142675, -0.12013906759101325], [3.5973013649725782, -7.164344478696276, -3.3116895504490986, -0.3306133911936498], [2.2892903017741735, -7.16943732312931, -3.230805561960158, 2.135519811656744], [2.531192079620544, -8.360093157540973, -3.231382960894356, -0.09525721481652902], [3.1554029259226635, -7.1748047189376365, -3.2674961828941402, -0.8437784111649473], [3.6162499361777005, -7.158834682363178, -3.3134307618502614, -0.7753324282924328], [3.6128986033326482, -7.159573353854292, -3.276517664064776, -0.2810333400027729]]
[10, 10, 10, 10, 10, 0, 10, 10, 10, 10]

--> 18 <--
[[2.9180412475833633, -7.185987349704739, -3.2589686951387566, -0.3780823643660694], [2.5351647381934237, -8.576126967448946, -3.232734378986195, -0.2907256372715969], [3.262069013971475, -7.174175010062332, -3.292049194247199, -0.8190652171287899], [2.7382611604671245, -8.272041672743953, -3.2825655240003275, -0.10814736859999208], [3.368401686975754, -7.93515047072066, -3.296703131034817, -0.25319384746223356], [3.6146549525876903, -7.159121092762183, -3.2802961709415435, -0.32318333249278214], [3.121902637806742, -7.7840242472576335, -3.235808824419536, -0.0964738576629788], [2.532473956208907, -7.905167386549498, -3.2327738420799284, -0.7513094135500908], [2.524349982918318, -8.325134441835168, -3.229856763324864, -0.09626453663059208], [2.537174724152454, -8.677120545830288, -3.232546699362687, -0.09255316765775443]]
[9, 9, 9, 9, 9, 9, 9, 9, 9, 9]

--> 19 <--
[[3.262069013971475, -7.174175010062332, -3.292049194247199, -0.8190652171287899], [2.9180412475833633, -7.185987349704739, -3.2589686951387566, -0.3780823643660694], [3.1889341536385487, -7.878259986796518, -3.2764990639263054, -0.19995354085560516], [2.5640499861842914, -8.413921339823274, -3.2337642382783636, -0.3266372641482472], [3.1611085584018386, -7.271888262667317, -3.286070784034872, -0.45798224642814916], [3.6100902384440725, -7.174087843395978, -3.2833577352285057, -0.4073073950754638], [2.5314368590407166, -8.325421080264624, -3.2320248785414973, -0.25498064324434927], [3.3317276294135865, -7.81385089190939, -3.2817121378543748, -0.16046287798639675], [2.8638980032619674, -8.31456091288658, -3.234424182518458, -0.2695817881305879], [2.5351647381934237, -8.576126967448946, -3.232734378986195, -0.2907256372715969]]
[9, 9, 9, 9, 9, 9, 9, 9, 9, 9]

--> 20 <--
[[2.551356179744197, -8.49133302347669, -3.2328248887815425, -0.32004818984019434], [3.1889341536385487, -7.878259986796518, -3.2764990639263054, -0.19995354085560516], [3.0796574270231014, -7.535623324777731, 0.4749489245202523, -0.2716916251790433], [2.8837958379339783, -7.86260473934033, -3.2518420598174353, -0.3640299188621686], [2.9180412475833633, -7.185987349704739, -3.2589686951387566, -0.3780823643660694], [3.262069013971475, -7.174175010062332, -3.292049194247199, -0.8190652171287899], [3.0781072512972485, -7.240304671290461, -3.27872546369204, -0.7390430707057941], [2.7380068057028994, -7.319640946500119, -3.2691632797706958, -0.3161467373656088], [2.8588332484503587, -7.958341114952217, -3.259340372271467, -0.4023001999319482], [2.5491210118023053, -8.345073874530936, -3.232177873689227, -0.29879767332921303]]
[10, 10, 0, 10, 10, 10, 10, 10, 10, 10]

--> 21 <--
[[2.551356179744197, -8.49133302347669, -3.2328248887815425, -0.32004818984019434], [2.5983617758034736, -8.36619037123898, -3.245638600101027, -0.31755843258344185], [2.797161473643076, -8.017838284404103, -3.2369443628044436, -0.3246854800924275], [2.6147959270855408, -8.257427512231732, -3.242561817274817, -0.31852328210936254], [2.8837958379339783, -7.86260473934033, -3.2518420598174353, -0.3640299188621686], [5.9116920528628665, -7.878259986796518, -3.2764990639263054, -0.19995354085560516], [2.7593146211761947, -7.556007245597344, -3.253974077999723, -0.31977392439175406], [2.865952429303767, -7.92300597124086, -3.2563011311187493, -0.38586627880514424], [3.123140920232927, -7.705858043449121, -3.2547049204406715, -0.685726938447774], [3.199272444592138, -7.33911101765071, -3.280620406222595, -0.3938096346568748]]
[9, 9, 9, 9, 9, 9, 9, 9, 9, 9]

--> 22 <--
[[3.121225589223626, -7.752354220743558, -3.2510994831517985, -0.33897508322816844], [5.4906755804329554, -7.874027789824975, 0.8489896028230945, -0.22014904919938638], [3.2813892395817117, -7.97188997847563, -3.255032728740443, -0.2666889752046838], [2.7938269918857817, -7.903105284343317, -3.247046705872724, -0.3501449763306154], [2.852041968040677, -8.218141749766149, -3.242556189287848, -0.3285308564375229], [2.97746296999222, -7.400239161215826, -3.275100452146198, -0.38909396492693427], [2.797161473643076, -8.017838284404103, -3.2369443628044436, -0.3246854800924275], [4.154096064197437, -7.862778618142889, -3.275509196268707, -0.3510979133451468], [2.5983617758034736, -8.36619037123898, -3.245638600101027, -0.31755843258344185], [2.551356179744197, -8.49133302347669, -3.2328248887815425, -0.32004818984019434]]
[10, 1, 10, 10, 10, 10, 10, 9, 10, 10]

--> 23 <--
[[2.7938269918857817, -7.903105284343317, -3.247046705872724, -0.3501449763306154], [2.795116039586118, -7.944932558281586, -3.241395666966271, -0.3337792394944268], [2.8221815699873423, -7.807949481096937, -3.2492350378968147, -0.32128772937876865], [3.121225589223626, -7.752354220743558, -3.2510994831517985, -0.33897508322816844], [2.5534417320435914, -7.46750342527608, -3.252183390033264, -0.35448382227132147], [3.073354490816077, -7.4468545729648925, -3.2600091028904217, 3.2839735690678724], [2.8823826881141916, -7.7159260017994304, -3.25359023210569, -0.3303512415619333], [3.2813892395817117, -7.97188997847563, -3.255032728740443, -0.2666889752046838], [2.8083944284441213, -7.7790632875231776, -3.2405939893354954, -0.33599366287782817], [2.6225189187752527, -8.298836192760863, -3.246121066013194, -0.3458073223084533]]
[9, 9, 9, 9, 9, 9, 9, 9, 9, 9]

