--> 1 <--
[[0.15267668191327566, 3.4897942609735573, 9.081593279282306, -5.535780003974152, -0.10244861637724512, 1.7354747127486654, -3.444117806861069, -3.682569868299046], [2.870185914157595, 2.455129783286944, 2.3221761287704528, 1.4168672277672911, -8.518858022109832, -2.3557164106507162, -2.0059973121739105, -0.866833487521415], [1.909513998364666, 3.6441094227637123, -5.349481507937792, -7.492567501510394, -2.200805705326962, -2.8528822275694203, 9.164526666695622, -3.628222318114897], [-6.930479715071424, 5.21493352450976, 7.374296220648169, -3.964038230951936, 7.9981664409589435, 9.0232575646587, -9.772798269821765, -1.8583158693969821], [-0.5974524520793558, 3.078912126600965, 4.50276308812615, -1.9236328190417247, 9.12409863047245, -1.2435259278364654, -7.97304288490295, -1.3104956610921263], [-7.547718242807124, 6.600737396130064, -7.485658639227475, -3.2630937581890436, -0.8743017781404365, -9.679666991832814, -4.683150958008879, -3.6342786734571693], [-9.336432055353427, -8.37887355897675, -2.7662057535576174, -8.40435683927553, 9.900931766484668, 6.4547216001760646, -4.560310626049279, -4.521083591802935], [4.898235176991353, -8.484288458733932, -7.642907831127729, 2.5099022579970427, -8.176957629676963, -5.741801030408937, -3.8618906023383692, -1.1708597455191239], [7.804874902833582, 1.7678133064007095, 9.250531583426145, -0.6939882693677291, -4.453127149557783, 3.744948093612628, -7.253258467507944, -9.091375152545275], [7.596659350205105, 9.781716827486179, 8.666861703478318, 8.160797098425128, -6.8022163061315455, -5.46987651302633, -9.98582434243634, 0.1251046758996921]]
[[0, 6], [3, 5], [5, 6], [4, 4], [3, 8], [1, 5], [4, 5], [9, 4], [6, 6], [3, 3]]

--> 2 <--
[[7.0802046973836, -8.240369487891705, -5.541739512764228, 0.515840491429707, 3.1323531477351216, -1.8889905417094677, -4.686115405465099, -4.998158873714433], [5.640653273646551, -6.103033082522995, -2.946492059065155, 1.4771794128715467, 2.3044319658967276, 5.930230461938961, -7.105917735433572, -8.319035447768071], [1.909513998364666, 3.6441094227637123, -5.349481507937792, -7.492567501510394, -2.200805705326962, -2.8528822275694203, 9.164526666695622, -3.628222318114897], [4.898235176991353, -4.314979675945516, -7.642907831127729, 2.5099022579970427, 9.12409863047245, -1.2435259278364654, -7.97304288490295, -1.3104956610921263], [-0.28489608575050596, 1.7748299742649212, -5.609177146161992, -0.35119932696321543, -3.607121476232452, -2.7755401255338197, 0.447768064142541, -2.3217276450034094], [4.85668425826143, -5.158577095997636, -3.623900365077744, -0.7112683790540575, -3.3676327435202786, -0.12057455048953791, -4.704277454766142, -9.036372241023805], [5.791984437916936, -5.9733299585995745, 7.267598810755662, 2.24711902543271, -1.3507812222493691, -2.604427946271861, 5.260508552320256, -3.6697607766527347], [-0.838822694815073, 2.635410105009588, -7.424214459394568, 2.252064559314805, -2.9394895400915613, -2.4944786898237754, 5.446390282450544, -7.568500061842948], [7.707058723024372, 2.191122723498972, 9.215294989247994, 5.543357555190745, 6.624442917992559, -2.833762249345007, 1.7439588176413374, -1.77761303341947], [7.804874902833582, 1.7678133064007095, 9.250531583426145, -0.6939882693677291, -0.10244861637724512, 1.7354747127486654, -3.444117806861069, -3.682569868299046]]
[[6, 3], [8, 5], [3, 5], [6, 4], [1, 2], [7, 6], [7, 5], [2, 3], [3, 3], [5, 6]]

--> 3 <--
[[5.9593496297950965, -0.08619412847745722, 8.62301974523372, 0.6047224376134814, -1.1093382629387822, 1.585972856216916, -4.627757850996588, -4.159961442618459], [3.8348558261844774, -5.794567567551724, 0.6821823000244529, 1.024617278960922, 1.527038788407965, 2.4003143815485033, -6.735298604284383, -8.51158667369984], [5.640653273646551, -6.103033082522995, -2.946492059065155, 1.4771794128715467, -3.3676327435202786, -0.12057455048953791, -4.704277454766142, -9.036372241023805], [4.85668425826143, -5.158577095997636, -3.623900365077744, -0.7112683790540575, -0.10244861637724512, 1.7354747127486654, -3.444117806861069, -3.682569868299046], [5.138716475684838, -7.850118567625684, -6.288289523317246, 0.7573532688665028, 1.429404201304426, 0.4759262090881142, 7.82608179445996, -8.159124421367315], [6.596527386645454, -0.6384097161613356, 4.092147972858663, -0.33844103384559526, -0.7582135195578323, -2.6678700131891984, 4.0092160878824625, -3.172267690351986], [5.791984437916936, -5.9733299585995745, 7.267598810755662, 2.24711902543271, 2.3044319658967276, 5.930230461938961, -7.105917735433572, -8.319035447768071], [5.677894492414619, -6.04300035493144, 3.164093928817507, 1.7825130820681006, 8.146137580422952, -1.2837419689028353, -1.679785818621307, -7.713794024585679], [6.914925143488827, -6.527639319297585, -0.8082752768394443, 1.5321465208466973, -0.34669072425186304, -3.1263714759870536, 4.457178064576376, -3.628391395343866], [5.713394800532186, -7.3647039477756175, -5.509904595825134, 0.732946503881167, -2.9634536728816236, -4.527390278818802, -4.631472835080993, -7.743488562894963]]
[[5, 0], [5, 1], [6, 3], [6, 5], [7, 5], [6, 6], [8, 0], [7, 3], [7, 2], [7, 1]]

--> 4 <--
[[6.185407221188766, -6.0314455491999395, -0.17748509144353863, 1.6358735642658977, 3.9465677199138414, -0.9547048156447492, 0.06484271804577957, -7.878240677799603], [5.138716475684838, -7.850118567625684, -6.288289523317246, 0.7573532688665028, -0.10244861637724512, 1.7354747127486654, -3.444117806861069, -3.682569868299046], [6.235344239258733, -6.044115406066229, 2.671838015073302, 1.5912671323501857, -0.7832222627117712, -0.31403046427755743, 1.8776546897959736, -3.7112156776764094], [5.682103614673206, -6.547223226811713, -4.35042086568195, 0.7871287164751241, -0.3472396471099721, 0.38449792563093177, 0.6431316286960909, -3.4025365515795754], [5.079826299614443, -5.696094484402849, 2.237408534903091, -0.6860858363407595, 0.8597912255384342, -0.35141940612967165, 7.653921327018844, -6.581929416490453], [5.791984437916936, -5.9733299585995745, 7.267598810755662, 2.24711902543271, -0.7582135195578323, -2.6678700131891984, 4.0092160878824625, -3.172267690351986], [5.790191427608333, -6.532159561895394, 3.2022461420737036, 1.8874021075597893, 1.3051111658828225, 1.4006235904787305, -3.310047091431464, -6.458634163534234], [5.135179347298563, -5.842322488495595, 2.469259974068799, 1.0423341706020641, -0.16275689325616588, -1.425458131082061, -0.7520914002181593, -3.2865808717348326], [5.677894492414619, -6.04300035493144, 3.164093928817507, 1.7825130820681006, 1.429404201304426, 0.4759262090881142, 7.82608179445996, -8.159124421367315], [5.91042204237208, -5.721427226912001, 2.9358338335680942, 1.2725092962470528, -1.004050046550195, -2.243901276582485, -1.1923366197005891, -4.5543851124374815]]
[[6, 0], [8, 3], [7, 0], [7, 0], [7, 1], [9, 2], [7, 0], [8, 0], [8, 3], [9, 5]]

--> 5 <--
[[5.4928679655145, -6.2880670497085696, -0.21761523716559372, 1.7227463535848462, -0.5538664568501072, -1.1329488011405213, -1.074364990945954, -3.6625859483957], [5.118856873095649, -3.329790931641041, 2.2828075964314722, 0.5761773397751009, 0.1503931751189207, -1.1695308530681316, 1.2783700569356813, -5.505311995526435], [5.7385078747513525, -6.515053684460838, -2.6674579000027334, 1.1436441735601162, -0.2261697186444737, 0.924329071151675, -2.756963461726179, -4.403192225823153], [5.791984437916936, -5.9733299585995745, 7.267598810755662, 2.24711902543271, -1.004050046550195, -2.243901276582485, -1.1923366197005891, -4.5543851124374815], [5.447873587110295, -5.919549775882883, 2.3658622255204076, 1.4885406955605385, 0.3813556910615779, -0.15211295474845865, 1.4343170577740723, -7.487281253853242], [5.91042204237208, -5.721427226912001, 2.9358338335680942, 1.2725092962470528, -0.10244861637724512, 1.7354747127486654, -3.444117806861069, -3.682569868299046], [5.138716475684838, -7.850118567625684, -6.288289523317246, 0.7573532688665028, 1.429404201304426, 0.4759262090881142, 7.82608179445996, -8.159124421367315], [5.391241515645013, -6.160189255557642, 2.7587919353479258, 1.7414919435998382, -0.4027518864030618, -1.331085146749486, 1.4224953802180227, -5.963986037704158], [5.121486477562936, -5.732197149557228, 2.3038910905259526, 0.2257255465069265, -0.39305793971021735, -2.2392803887980515, -1.8078927798739066, -4.208604748236875], [6.181916409018962, -5.974792825668173, 6.174399434935093, 1.797893651629204, 0.20029565480774486, -1.1048791505071172, -0.7561112677145616, -6.188626500474861]]
[[3, 0], [7, 5], [5, 2], [8, 6], [7, 1], [7, 2], [6, 4], [5, 4], [7, 4], [5, 2]]

--> 6 <--
[[5.118856873095649, -3.329790931641041, 2.2828075964314722, 0.5761773397751009, 0.1503931751189207, -1.1695308530681316, 1.2783700569356813, -5.505311995526435], [5.447873587110295, -5.919549775882883, 2.3658622255204076, 1.4885406955605385, 1.429404201304426, 0.4759262090881142, 7.82608179445996, -8.159124421367315], [5.594639385809495, -6.421164541488436, -4.615501661174889, 1.536235162977931, -0.8459929952237041, -1.3677197702741934, 1.2133277797644562, -4.556683261647474], [5.749378415676798, -6.232840854865724, 0.2738780825533338, 1.3804245909069528, -0.4235766259591188, -1.5795984646302053, 1.1718741670870043, -4.981305796701202], [5.791984437916936, -5.9733299585995745, 11.225866777334549, 2.24711902543271, 3.290497118415373, -2.243901276582485, -1.1923366197005891, -4.5543851124374815], [5.462242749544956, -5.8974165951646045, 2.598716134669549, 1.4505503871511913, 0.7226402409427204, 0.3102194036588024, 4.065103676383261, -7.656014027162758], [5.925424814644383, -5.812294687000971, 3.7944273359915135, 1.3675133622347937, -0.11497125384748273, -1.288814179958139, 1.2899823689703933, -5.614671176504409], [5.120230965965133, -5.996421491800355, -3.877004218494016, 0.6244559022692828, -0.468157441632518, -2.036126669490699, -0.5916607062256913, -4.8068894156832425], [5.624752846830152, -6.279425854301826, 3.1498736246365135, 2.1685224205819447, -0.7247690587559623, -1.1770596423867326, -0.2106636869644547, -4.965495739056333], [5.444835988475048, -5.725270627249964, 2.7747274354381477, 1.2396243271525202, -0.8450731266507184, -2.188089436665977, -0.15403639303540417, -4.995454975828506]]
[[8, 4], [7, 4], [5, 3], [3, 3], [4, 3], [7, 2], [7, 4], [4, 6], [2, 1], [8, 5]]

--> 7 <--
[[5.1750740330291345, -5.446253277534694, 2.3535085373208138, 1.2381125323361861, -0.33651852271994437, -1.5701594627682969, -0.45310584478359284, -4.843894817095833], [5.447873587110295, -5.919549775882883, 2.3658622255204076, 1.4885406955605385, -0.2534439799430126, -1.1695308530681316, 1.2783700569356813, -5.505311995526435], [5.4588045395252776, -5.789575409322877, 2.724832251419618, 1.36192157053758, -0.10389147988511202, -1.7995778286760649, -0.18572378185986643, -5.297805359375871], [5.446817967944689, -5.7754200828081625, 2.6330445077998093, 1.2825055725901207, 0.4457336387745486, -2.1021940506459966, -1.1241217690400969, -4.756368903105234], [5.118856873095649, -3.329790931641041, 2.2828075964314722, 0.5761773397751009, -0.468157441632518, -2.036126669490699, -0.5916607062256913, -4.8068894156832425], [5.748854572374242, -5.855163312315065, 3.428726283795331, 1.3783549555066505, 0.22678924698089925, -0.7134651538950805, 6.742048800867854, -5.00453418134036], [5.391506529122692, -3.5230816557007727, 2.583007447789458, 1.4301639657656924, -0.4413769523810816, -1.878091141204575, 1.2437665403234988, -5.062216044931891], [5.444835988475048, -5.725270627249964, 2.7747274354381477, 1.2396243271525202, -0.8450731266507184, -2.188089436665977, -0.15403639303540417, -4.995454975828506], [5.4461722208204755, -5.848040475411203, 2.6898130354676573, 1.4735190962592728, -0.5509343709891514, -2.012266978077665, 0.3945174416705075, -4.9823462985344475], [5.449923030768036, -5.760884382782584, 3.5175969894497725, 2.083103408063039, -0.43305920625656624, -1.641215621394635, 0.38560350835063456, -4.902111362938005]]
[[5, 0], [5, 0], [5, 2], [6, 5], [8, 6], [9, 0], [8, 0], [6, 5], [6, 5], [9, 0]]

--> 8 <--
[[5.449923030768036, -5.760884382782584, 3.5175969894497725, 2.083103408063039, 0.4457336387745486, -2.1021940506459966, -1.1241217690400969, -4.756368903105234], [5.739705523373129, -5.883344521189327, 5.740857142590421, 1.466128857371638, -0.4745178835778172, -0.8065207201242868, -0.06866493286732908, -4.954260910311658], [3.379444139946944, -3.329790931641041, 2.2828075964314722, 0.5761773397751009, -0.8450731266507184, -2.188089436665977, -0.15403639303540417, -4.995454975828506], [5.657165318203759, -5.852120977484393, 2.8767071985599917, 1.3972449742650512, 0.0997514173623171, -2.1215724661465583, -0.2217476392311985, -4.906661879288033], [5.638326457157621, -5.818821975726836, 3.154257080792376, 1.3566912920436442, -0.5779334637660456, -2.018689734866905, -0.08696811289920797, -4.993665752930732], [5.203663125885792, -3.8783346749121357, 2.5429546841638144, 0.9355565426309533, -0.5415009851910897, -2.0235051565798066, -0.06196023065498621, -4.877313714485979], [5.425696556121617, -4.931564410872846, 2.6181023218919477, 1.6377329576868869, -0.6628857269812408, -2.090158764565806, -0.589116832264046, -4.9309148595398815], [5.448083428544536, -5.7288563047401535, 3.0938542326390595, 1.8524395943679424, 0.09187481976892434, -2.091024687403464, 0.20258261518920212, -4.763475517131458], [5.748854572374242, -5.855163312315065, 3.428726283795331, 1.3783549555066505, -0.468157441632518, -2.036126669490699, -0.5916607062256913, -4.8068894156832425], [5.569468537556571, -3.9109068984367323, 3.3557612326951567, 0.8761995814319739, -0.273451089359517, -2.090056359735539, -0.9458226125268595, -4.805462214746118]]
[[9, 1], [9, 0], [2, 1], [1, 1], [9, 2], [9, 2], [9, 2], [9, 2], [9, 2], [9, 2]]

--> 9 <--
[[5.739705523373129, -5.883344521189327, 5.740857142590421, 1.466128857371638, -2.0474092133109285, -2.0235051565798066, -0.06196023065498621, -4.877313714485979], [5.658691455178604, -5.865005322758621, 4.743025738297993, 1.3695049907828478, -0.06714303841218106, -2.090531603551277, 0.08832129003923699, -4.783843880472508], [5.50215668690922, -5.793603861481755, 2.74276940454409, 1.4637494881961404, -0.03602770077983283, -2.1010819551976354, -0.9581967207321196, -4.798738484390536], [5.684053529855241, -5.4431560965749775, 3.417848013951602, 1.109419435070328, -0.6460830393398562, -2.084042266045664, -0.10777608359181445, -4.947108699442758], [5.638326457157621, -5.818821975726836, 3.154257080792376, 1.3566912920436442, -0.6628857269812408, -2.090158764565806, -0.589116832264046, -4.9309148595398815], [5.628932119032508, -5.8131850816445585, 4.441518615538573, 1.564464347230901, -0.6355175383095513, -2.075643991354464, -0.5901005348723272, -4.838492111849874], [5.601445394567515, -5.873293138054684, 5.57546236891382, 1.5737408024137092, 0.044538370955371616, -2.0819659232385854, 0.10325518591656754, -4.844871924560739], [5.449923030768036, -5.760884382782584, 3.5175969894497725, 2.083103408063039, -0.5779334637660456, -2.018689734866905, -0.08696811289920797, -4.993665752930732], [5.484986414757497, -5.801676103093252, 3.4894597800527327, 1.934325183122396, -0.23579382663333057, -2.1170696487320817, -0.24373496506430947, -4.9186581927566255], [5.337328838438889, -4.490267095897115, 2.556383126115956, 0.9362664888836639, -0.1764920096622002, -2.093782704526462, -1.0101636028305117, -4.765834045569627]]
[[9, 2], [1, 2], [1, 2], [9, 3], [9, 3], [1, 2], [9, 3], [9, 3], [9, 3], [9, 1]]

--> 10 <--
[[5.5789437719856005, -5.8130943689868895, 3.185437472690467, 1.8473418719166295, -0.03644422507320846, -2.024909318594954, -0.04614988951071075, -4.947984348072257], [5.207160208362831, -5.882013978103171, 4.091859608161402, 1.5116786651624656, 0.02010299494271318, -2.0922535006333867, -0.0038803220366328273, -4.837126094410433], [5.638326457157621, -5.818821975726836, 3.154257080792376, 1.3566912920436442, 0.044538370955371616, -2.0819659232385854, 0.10325518591656754, -4.844871924560739], [5.470965231059068, -5.804992646831854, 3.4076566328502267, 1.9664320651291105, -0.2765831781623916, -2.0822676476461064, -0.1277604245205029, -4.860568868814088], [5.514577812699888, -5.806265406557801, 3.466402697454217, 1.5263862201034417, -0.6364408295799551, -2.0483280243750395, -0.5230310545452983, -4.853044081688705], [5.544935254433339, -5.445482381665714, 3.5140001521813806, 1.2345313524709076, -0.6508211452951445, -2.089086924379968, -0.17741509989530665, -4.941058388213965], [5.739705523373129, -5.883344521189327, 5.740857142590421, -1.0241277186001954, -0.6460830393398562, -2.084042266045664, -0.10777608359181445, -4.947108699442758], [5.684053529855241, -5.4431560965749775, 3.417848013951602, 1.109419435070328, -0.6628857269812408, -2.090158764565806, -0.589116832264046, -4.9309148595398815], [5.34174245320342, -0.5134730043392723, 2.8092462543211774, 1.390448818994869, -1.5250748191883035, -2.063898777741956, -0.0747635365998134, -4.9351939055368375], [5.634855939962179, -5.830244326817702, 3.501976429106142, 1.5133907359910368, -1.2209842770996309, -2.055730382016073, -0.07223170872653861, -4.930078945805776]]
[[9, 2], [0, 1], [9, 2], [9, 2], [9, 2], [9, 2], [9, 2], [9, 2], [1, 1], [9, 1]]

--> 11 <--
[[5.601099434447569, -5.680689622347823, -0.2922191685414246, 1.7853412908655897, -0.3626777856336318, -2.0836467549135715, -0.12803057005406504, -4.875603310752882], [5.471911186607793, -5.8059889964914895, 3.434719872951526, 1.8852243009084209, 0.02811912915781056, 1.9887029472943945, 0.044995428763466336, -4.941583046011496], [5.638326457157621, -5.818821975726836, 3.154257080792376, 1.3566912920436442, 0.044538370955371616, -2.0819659232385854, 0.10325518591656754, -4.844871924560739], [5.470965231059068, -5.804992646831854, 3.4076566328502267, 1.9664320651291105, -0.2765831781623916, -2.0822676476461064, -0.1277604245205029, -4.860568868814088], [5.62199792870147, -5.826203196591523, 3.3492762785603034, 1.6807711616879124, -0.6426552557644386, -2.0698917089027398, -0.5421632815064059, -4.907372366370364], [5.5789437719856005, -5.8130943689868895, 3.185437472690467, 1.8473418719166295, -0.03644422507320846, -2.024909318594954, -0.04614988951071075, -4.947984348072257], [5.4832386085467455, -5.812167255923027, 3.3428339082130485, 1.9132902477298601, -0.2521563163820258, -2.0351425822426323, -0.11744314943364761, -4.941335948435625], [5.706749583202946, -5.824800513237736, 4.652063717408584, 0.4186014155195689, -0.04235575890665358, -2.0821682308222145, -0.0570101717396184, -4.855834151157277], [5.497259933318087, -5.806176464948942, 3.4544651775445216, 1.8771737298783449, -0.21726977193575714, -2.038059040844206, -0.10351642669278627, -4.94770827618449], [5.6679408791658386, -5.858432176483052, 5.607171419136425, -0.22243420831525196, -0.19833584296527992, -2.083004081506534, 4.682724258982705, -4.860508939825682]]
[[8, 2], [9, 0], [9, 2], [9, 2], [9, 2], [9, 2], [9, 2], [2, 1], [9, 2], [1, 1]]

--> 12 <--
[[5.627265178046921, -5.72488522975026, 0.14797596435375865, 3.595135169471718, -0.2480742241942596, -2.0411482966239936, -0.12698566737124004, -4.923295855906974], [5.482538484547396, -5.8018698339342984, 2.95060004840924, 1.8497188170977585, -0.21449373243777564, -2.055897562743188, 0.0005477372035156691, -4.873812291800038], [5.471267121251165, -5.805878527632832, 3.422948786741884, 1.9387236195117774, -0.038595444808279075, -2.064047297805286, -0.05526586209085581, -4.928966438346967], [5.470965231059068, -5.804992646831854, 3.4076566328502267, 1.9664320651291105, -0.2765831781623916, -2.0822676476461064, -0.1277604245205029, -4.860568868814088], [5.497911997608346, -5.810980337401756, 3.336689181077615, 1.8581151561654852, -0.2763432980813362, -2.034349484005806, -0.08847240756870509, -6.414716883056248], [5.471911186607793, -5.8059889964914895, 3.434719872951526, 1.8852243009084209, -0.3626777856336318, -2.0836467549135715, -0.12803057005406504, -4.875603310752882], [5.638326457157621, -5.818821975726836, 3.154257080792376, 1.3566912920436442, 0.044538370955371616, -2.0819659232385854, 0.10325518591656754, -4.844871924560739], [5.4720769644958605, -5.809151089863148, 3.4102822230300713, 1.9028616968840306, -0.6218127322218258, -2.0561697970018322, -0.3436372664904274, -4.923891860679163], [5.509033237181781, -5.802369504259806, 1.3721126672587447, 1.8285746387817619, -0.09103239757695422, -2.042396689042487, 0.08600927850894119, -4.873244173949179], [5.637166348978813, -5.8183235275674345, 3.317393335185805, 1.5910810839969014, -0.24985110816462036, -2.0801015000458944, -0.361225139006489, -4.887129627061453]]
[[9, 2], [1, 1], [9, 2], [9, 2], [9, 0], [9, 2], [9, 2], [9, 2], [1, 1], [9, 2]]

--> 13 <--
[[5.484033840654444, -5.806597146704166, 3.4011491772727975, 1.8612866310974734, -0.0872104934499301, -2.082097493611511, 2.9662244249934164, -4.848221861131141], [5.471267121251165, -5.805878527632832, 3.422948786741884, 1.9387236195117774, -0.038595444808279075, -2.064047297805286, -0.05526586209085581, -4.928966438346967], [5.512964318685915, -5.8184596280900776, 3.3327626150860405, 1.6081620629670557, -0.19251817649688135, -2.07366446891644, -0.08827191547600652, -4.903180575538777], [5.470965231059068, -5.804992646831854, 3.4076566328502267, 1.9664320651291105, -0.2765831781623916, -2.0822676476461064, -0.1277604245205029, -4.860568868814088], [5.627265178046921, -5.72488522975026, 0.14797596435375865, 3.595135169471718, -0.2480742241942596, -2.0411482966239936, -0.12698566737124004, -1.4867242642530174], [5.478601004706111, -5.809615337737159, 1.2963001126697193, 1.8966761345037013, -0.2144774786541004, -2.0820163929995466, -0.014733948539921722, -4.845310388015654], [5.611628193030549, -5.768461566853164, 0.27038094188097117, 2.453427218290159, -0.098009172505575, -2.0804167021347024, -0.08644485478254635, -4.916408969567995], [5.496969114637022, -5.730242113819217, 0.20401240613484892, 3.4787602242491373, -3.268751966057538, -2.061193877586837, -0.3119677439679948, -4.921675425309004], [5.565849422243678, -5.814079489175439, 3.341797096389212, 1.389335222198798, -0.10826389037973595, -2.082069064012731, -0.005503046332053181, -4.859325449534819], [5.5195775847705315, -5.800519567899733, 1.4290077649717605, 3.5104686150185627, -0.23160319662605008, 0.5447440301176383, -0.09679995712522092, -4.882028009781442]]
[[9, 1], [9, 1], [9, 1], [9, 1], [9, 4], [2, 0], [8, 1], [8, 0], [9, 1], [8, 0]]

--> 14 <--
[[5.501552165786374, -5.814986976811933, 3.352871439961735, 1.9077227045030685, -0.11516153275122772, -2.053918568194855, -0.02047256007683473, -0.5452170809663421], [5.471267121251165, -5.805878527632832, 3.422948786741884, 1.9387236195117774, -0.0872104934499301, -2.082097493611511, 2.9662244249934164, -4.848221861131141], [5.502972023632411, -2.410909442797986, 3.3613323718558323, 1.6652993287693914, -0.10340784084853871, -2.077452544262493, 2.863830626236368, -4.872173579127664], [5.536596131823607, -5.810684494140753, 1.543719326946718, 3.3742922067251655, -0.13345826894719165, -2.0527501020541816, -0.08076784655746182, -1.6100624431922657], [5.587488375498932, -5.814083315567716, 1.505074650880571, 1.7479700839265717, -0.20683836063375396, -2.0608829300480336, -0.008081847315725251, -3.0549485259527644], [5.484033840654444, -5.806597146704166, 3.4011491772727975, 1.8612866310974734, -0.2480742241942596, -2.0411482966239936, -0.12698566737124004, -1.4867242642530174], [5.512964318685915, -5.8184596280900776, 3.3327626150860405, 1.6081620629670557, -0.038595444808279075, -2.064047297805286, -0.05526586209085581, -4.928966438346967], [5.562055234686988, -5.770005849466504, 2.616687003523768, 2.123064687814953, -0.2764029918802143, -2.0564486169905036, -0.1270990935960766, -1.9614761610140379], [5.618977397271114, -5.7629122374093935, 0.9319492966997458, 2.1759247394020242, -0.1973444108601843, -2.056815647683635, -0.11156380629792291, -3.2070345228840376], [5.531491809158141, -5.804623834606373, 2.919730723692805, 2.194767506732101, -0.10275248950621348, -2.0688245743742026, 2.8122861848952625, -4.246422495216296]]
[[9, 6], [9, 4], [6, 3], [6, 4], [0, 2], [9, 5], [9, 3], [0, 4], [5, 3], [0, 3]]

--> 15 <--
[[5.507225895019212, -5.81710477218708, 3.340847487185535, 1.6822253778163225, -0.11036509410845616, -2.0671089137366248, 2.0506783565374063, -1.754236776102659], [5.501552165786374, -5.814986976811933, 3.352871439961735, 1.9077227045030685, -0.11516153275122772, -2.053918568194855, -0.02047256007683473, -0.5452170809663421], [5.512475322085156, -5.8158471040884105, 3.3417059951139105, 1.6757774743316793, -0.1939291947046366, -2.049155870156926, -0.09243368867335455, -1.3359707875265465], [5.503384520108757, -5.810884802030209, 4.588494336540783, 2.9511958881319567, -0.10832036927279493, -2.0674734562331576, 1.5835432338051816, -2.4732083340904016], [5.553652587415327, -5.8068898461020915, 1.677539822781554, 1.9287501412463213, -0.17617360479132876, -2.0555128435071013, -0.04970738857503967, -0.7201061014969958], [5.47566102361385, -5.81452722576613, 3.339227653722044, 1.813118823596025, -0.12709184703587365, -2.0546361745065918, -0.10275823761842826, -2.5537928838127875], [3.3262298941384785, -5.815112831062066, 3.0386380289638653, 2.3828700718063245, -0.09504741622676749, -2.0464416776177754, 0.3437383177240665, -1.7393519849819963], [5.477727819463263, -5.812393111009066, 3.3482230484774873, 1.6122770123527945, -0.2612576262455507, -2.0565697876772973, -0.11705770530894569, -2.000841817410385], [5.471267121251165, -5.805878527632832, 3.422948786741884, 1.9387236195117774, -5.1159496438725265, -2.0411482966239936, -0.12698566737124004, -1.4867242642530174], [5.484033840654444, -5.806597146704166, 1.1004536013116817, 1.8612866310974734, -0.0872104934499301, -3.072614827682486, 6.002603029207046, -4.848221861131141]]
[[9, 0], [9, 3], [9, 3], [9, 3], [2, 2], [9, 3], [1, 2], [9, 3], [9, 3], [1, 1]]

--> 16 <--
[[5.484355718666174, -5.815208210024483, 3.3463176217636432, 1.6128399624711731, -0.9150548021797678, -2.0512226913389844, -0.10530875056565694, -1.894031686864607], [5.477424687855858, -5.812512827172014, 4.226265806720565, 2.6439779769585354, -0.2526534063303706, 2.4571473027758777, -0.029912300379005982, -2.2812079976749766], [5.507225895019212, -5.81710477218708, 3.340847487185535, 1.6822253778163225, -0.11516153275122772, -2.053918568194855, -0.02047256007683473, -0.5452170809663421], [5.475248230914955, -5.809600656980936, 3.3489879224092105, 1.667316980380265, -2.3082901449171263, -2.0468287510313914, -0.11345772430205303, -1.4249759734717844], [5.501552165786374, -5.814986976811933, 3.352871439961735, 1.9077227045030685, -0.1939291947046366, -2.049155870156926, -0.09243368867335455, -1.3359707875265465], [5.512475322085156, -5.8158471040884105, 3.3417059951139105, 1.6757774743316793, -0.10832036927279493, 0.09759076755521878, 1.5835432338051816, -2.4732083340904016], [5.490697436951356, -5.806044133700741, 3.3607775061642466, 1.803063878606252, -0.16439576147640056, -2.055254308162734, -0.1027641129492033, 0.8053196999765135], [5.4841585514695605, -5.811940083151498, 3.3582225731081707, 1.9097208105100423, -0.19315246236467215, -2.053424365833926, -0.09792138512943331, -2.3169597542728306], [5.497962068232907, -5.814368001532589, 1.4392184743038192, 1.6713692432659797, -0.11454329810538431, -2.059320555239193, 3.3809847672666713, -2.3943620569796433], [5.504124964510568, -5.815745472251472, 3.3516640680170746, 1.722380517894441, -0.13215894550115398, -2.052465483184345, -0.09361548397997017, -2.2960298117923372]]
[[8, 1], [9, 0], [8, 1], [8, 0], [8, 1], [9, 7], [8, 1], [8, 1], [3, 0], [8, 1]]

--> 17 <--
[[5.501912047463683, -5.815560209409371, 3.3423913877460594, 1.8729829604346449, -0.11083078298521942, -0.8135245492811376, 1.0988238894919238, -2.3251813300343396], [5.512475322085156, -5.8158471040884105, 3.3417059951139105, 1.6757774743316793, -0.9150548021797678, -2.0512226913389844, -0.10530875056565694, -1.894031686864607], [8.56282775738651, -5.81201899630298, 3.506961077772766, 2.634638416453894, -0.17884998699337584, -1.1509874669271885, 0.28448672131261443, 1.0729675049729508], [5.4816519719764845, -5.810642091483046, 3.3545310840628835, -1.654359364214256, -0.11464509699464882, -0.3724844491609616, 1.0591838193548295, -0.6943802818890572], [5.477424687855858, -5.812512827172014, 4.226265806720565, 2.6439779769585354, -0.10832036927279493, 0.09759076755521878, 1.5835432338051816, -2.4732083340904016], [5.4885317795202, -5.81599082666995, 3.3422496908272255, 1.673798742231879, -0.18229551079254813, -0.4039576974521004, -0.008252293786938786, -2.4634062048259304], [5.4768163971286326, -5.811643796667394, 3.3519164072913963, 1.8992936628037902, -1.9982368536330806, -1.141811321826371, 1.0772590140223846, -2.338088023102112], [5.497189641704283, -5.810808106264329, 3.34588799742619, 1.669199522074682, -0.14154325208142207, -1.8475553948816896, 0.7306400826392276, -2.431607864262139], [5.484355718666174, -5.815208210024483, 3.3463176217636432, 1.6128399624711731, -0.11516153275122772, -2.053918568194855, -0.02047256007683473, -0.5452170809663421], [5.509711033213551, -5.815759024448312, 3.342533443768234, 1.6194453194938925, -0.14269169685274846, -2.0212828691405966, 0.7062955463367869, -2.4079240736353906]]
[[7, 6], [6, 0], [9, 1], [9, 7], [6, 7], [6, 0], [6, 1], [6, 1], [6, 0], [6, 0]]

--> 18 <--
[[5.493937418026118, -5.812436731686477, 3.346235792442449, 1.6302155010597226, -0.11291602570132439, -0.419399819415904, 1.0722913140337125, -2.307873874373266], [5.5059407114338565, -5.8156157125912245, 3.3422295336023065, 1.811428340816423, -0.10992548538165009, -0.5587372317732701, 1.4339735930421063, -2.4663333621610226], [3.314799858324542, -5.810642091483046, -0.12118322126968906, -1.654359364214256, -0.10832036927279493, 0.09759076755521878, 1.5835432338051816, -2.4732083340904016], [5.482502820362448, -5.81157796091773, 3.350097472016957, 0.14695249912031716, -0.11231138261733417, -0.31953516496927603, 1.0831406625296416, -0.9482837331746454], [8.56282775738651, -5.81201899630298, 3.506961077772766, 2.634638416453894, -0.11464509699464882, -0.3724844491609616, 1.0591838193548295, -0.6943802818890572], [5.4832432689143245, -5.815004337088692, 3.598886101743455, 2.5879635944894517, -0.11311015348577763, 0.02417027781633438, 1.3444191681345665, -0.8552222014543961], [5.50559622179364, -5.811237323261158, 3.4093600057278586, -1.5011246711236272, -0.11222371888216595, -0.6110777457982899, 1.0811204945891806, -2.2852145741207233], [5.501912047463683, -5.815560209409371, 3.3423913877460594, 1.8729829604346449, -0.11083078298521942, -0.8135245492811376, 1.0988238894919238, -2.3251813300343396], [5.492048421094239, -5.815879419196744, 3.3419821804056626, 1.674223107087979, -0.11074089606191537, 1.7140924134789568, 1.3791388230660742, -0.9673369457820662], [6.456345666711953, -5.813554929275952, 2.8695118773647437, 0.8349246750272128, -0.11371282946852503, -0.505166315494406, 1.0688601103674085, -1.103708400956061]]
[[2, 5], [2, 5], [5, 5], [6, 5], [9, 6], [2, 5], [9, 6], [2, 5], [1, 0], [9, 1]]

--> 19 <--
[[8.052218027043324, -5.811586703427773, 3.4534706501941645, 1.1120530234192543, -0.11300264190550437, -0.5994405157978209, 1.0604068102933413, -1.1307292131802993], [5.8829469522171625, -5.8134097433223015, 3.1483120175928296, 0.5334996326741527, -0.11409811719057125, -0.2720544688829859, 1.3114160206611876, -0.8363132295585027], [5.748059285586098, -5.812619820879268, 1.586541386290943, -0.9174553540606625, -0.11063512471010019, -0.4160301409153965, 1.1578425525575018, -2.229432320906895], [8.56282775738651, -5.81201899630298, 3.506961077772766, 2.634638416453894, -0.11464509699464882, -0.3724844491609616, 1.0591838193548295, -0.6943802818890572], [6.456345666711953, -5.813554929275952, 2.8695118773647437, 0.8349246750272128, -0.11291602570132439, -0.419399819415904, 1.0722913140337125, -2.307873874373266], [4.542134496169821, -5.8111289398961015, 0.757373349530216, -1.5052926221247436, -0.11092823064850439, -0.7771883243958801, 1.0893496728820113, -2.9053320683804307], [6.136068659372018, -5.812057629897369, 3.155655305714251, -0.47310439180462177, -0.11254375748526316, -0.07923585342688594, 1.2812167259750487, -0.9457752134064453], [5.494563819515092, -5.811558162555988, 3.3983215897824537, -0.16420047524479814, -0.1134860484517341, -0.5341020360949583, 1.068625213640714, -1.3511455999336863], [5.50559622179364, -5.811237323261158, 3.4093600057278586, -1.5011246711236272, -0.11222371888216595, -0.6110777457982899, 0.6239719935482002, -2.2852145741207233], [7.354302480879109, -5.8119660353295615, 3.411649466082142, 0.1587895221800638, -0.11291164394438201, -0.46951009961803114, 1.0793990020117148, -2.317602881210899]]
[[9, 5], [5, 2], [4, 1], [9, 3], [7, 1], [9, 1], [3, 3], [5, 4], [9, 0], [9, 1]]

--> 20 <--
[[6.6981534962084215, -5.811574997245831, 3.4352985526155297, 0.5105336889933209, -0.1129917772777802, -0.3069340306945851, 1.2697489013110554, -1.0773152205882148], [7.495488716606705, -5.8112272198998145, 2.5936965693454783, -0.1778382430019525, -0.11353445335904322, -0.5283303722595012, 1.2334916928825876, -0.9471624754849244], [6.601889452506185, -5.8113160915283135, 1.9346684571874864, -0.7534616898541064, -0.11345263258367547, -0.5479184439280966, 1.0594799582359382, -0.9527610669465697], [4.542134496169821, -5.8111289398961015, 0.757373349530216, -1.5052926221247436, -0.11464509699464882, -0.3724844491609616, 1.0591838193548295, -3.987753098118572], [8.052218027043324, -10.499484853137822, 3.4534706501941645, 1.1120530234192543, -0.11300264190550437, -0.5994405157978209, 1.0604068102933413, -1.1307292131802993], [7.4058269997263455, -5.812642355729336, 2.8877276358794104, 1.0488133250706917, -0.1131976291459666, -0.5445788981810039, 1.0683005478252519, -1.1682654319688903], [8.56282775738651, -5.81201899630298, 3.506961077772766, 2.634638416453894, -0.1134860484517341, -0.5341020360949583, 1.068625213640714, -1.3511455999336863], [5.7933648842693595, -5.812538532442936, 2.1154979055654466, -0.7322395677314547, -0.11342166079430874, -0.5537567349026973, 1.0635492402112123, -1.1890333684483898], [5.152605167725361, -5.81115365514513, 2.6758476759411933, -1.5050528956055849, -0.11281855151654954, -0.5401811764103261, 1.2213966775269065, -1.0595570902128233], [7.176951716963481, -5.8114345814115005, 3.4445198066714195, 0.7550757084429764, -0.11310002352977253, -0.4775683886143797, 1.0594191421276506, -1.0685523767222138]]
[[3, 3], [9, 3], [2, 3], [9, 0], [7, 4], [9, 4], [9, 4], [1, 3], [1, 3], [9, 4]]

--> 21 <--
[[7.985259043802913, -8.821740446101536, 3.453433079241178, 0.8933593503693802, -0.11324040087601894, -0.5098844907326928, 1.0608473325694452, -1.1157121041062814], [7.444079466249212, -5.811550465071425, 2.8050615691410927, 0.04368092498733647, -0.11320994955150043, -0.5432474914310648, 1.0684738697949343, -1.351024965019067], [7.495488716606705, -5.8112272198998145, 2.5936965693454783, 2.6841817233958327, -0.11300264190550437, -0.5994405157978209, 1.0604068102933413, -1.1307292131802993], [7.4058269997263455, -5.812642355729336, 2.8877276358794104, 1.0488133250706917, 2.4720611384722675, -0.5341020360949583, 1.068625213640714, -1.3511455999336863], [8.025017388460245, -5.811590752431163, 2.735840947058015, -1.3481663572431382, -0.11313522044808341, -0.5444087935269275, 1.2109862072018767, -1.1044729990497535], [4.542134496169821, -5.8111289398961015, 0.757373349530216, -1.5052926221247436, -0.1131976291459666, -0.5445788981810039, 1.0683005478252519, -1.1682654319688903], [8.092854669847078, -8.64169226177463, 3.4840458479761236, 2.2088742163142747, -0.1129352168855769, -0.4886793703953296, 1.1868355681807439, -1.0607650858390245], [7.611093538660837, -5.81173323663883, 3.4888648574450682, 1.4051705309544007, -0.11318858250546769, -0.5368862966540908, 1.061802713052895, -1.1349567860035388], [7.326033872543865, -5.8112774299122805, 2.637725659724686, -0.1718684054797356, -0.11312086050453676, -0.546582444145094, 1.0663447409236693, -1.1334402097520742], [7.640972875431288, -7.504428979921742, 3.4199939533806942, 1.0724616518585894, 4.57608344149375, -0.5082970836672629, 1.065813243209677, -1.3273794661574716]]
[[1, 0], [9, 1], [9, 1], [9, 2], [9, 1], [8, 1], [7, 1], [9, 1], [9, 1], [9, 2]]

--> 22 <--
[[7.495488716606705, -5.8112272198998145, 2.5936965693454783, 2.6841817233958327, 4.57608344149375, -0.5082970836672629, 1.065813243209677, -1.3273794661574716], [7.255735905049321, -5.811161890048206, 2.2695767033645096, -0.06761460065368396, 0.13771881513757445, -0.5416428312290443, 1.0685353402422249, -1.3511162884846935], [7.34152035990017, -5.81124732981795, 2.6262723510296895, 1.0049209524015548, -2.517883570718478, -0.5457674831759187, 1.0682928208553881, -1.1523244137980004], [8.051556503971488, -6.191615233743475, 3.1342449430252195, 0.6221695021705725, 0.23008746589054302, -0.5382062328090773, 1.0675120776594555, -1.3057323391402864], [7.3924593920387744, -8.107322362728038, 2.9714109101586854, 1.6835512178317464, 2.8462452418314172, -0.5198240139496317, 1.0667423267195661, -1.3432790535559787], [7.4058269997263455, -5.812642355729336, 2.8877276358794104, 1.0488133250706917, -0.11320994955150043, -0.5432474914310648, 1.0684738697949343, -0.31170838044793836], [7.444079466249212, -5.811550465071425, 2.8050615691410927, 0.04368092498733647, 2.4720611384722675, -0.5341020360949583, 1.068625213640714, -1.3511455999336863], [7.447118557994032, -9.051188173118181, 2.737451995969206, 0.3003772292749969, 2.138830066767792, -0.5217770294185036, 1.0639551543930503, -1.1317335347239612], [7.330282239102602, -5.811492404884952, 2.8000963651117416, -0.010528362381922098, 3.332801421355751, -0.5235434455869151, 1.0679417605015866, -1.3288533143316927], [0.7539414989704296, -5.812106147494289, 2.141268103674271, 0.2638833820388273, 3.2831079130766767, -0.5284265991555952, 1.0664299774980213, -1.3383247368461184]]
[[9, 1], [9, 3], [9, 0], [8, 2], [4, 2], [9, 3], [9, 3], [1, 2], [9, 3], [2, 2]]

--> 23 <--
[[7.527691801932924, -6.087330239250927, 2.8938039967102123, 0.5446085478699478, 2.4755311729926497, -0.5332849210574842, 1.067174175139161, -1.3505653729074152], [7.340684152617306, -5.811422929365802, 2.757966672681176, 0.9502963116055763, 2.1457381202909653, -0.5364084774983495, 1.0686213946248881, -1.3511269091324134], [7.255735905049321, -5.811161890048206, 2.2695767033645096, -0.06761460065368396, -0.11320994955150043, -0.5432474914310648, 1.0684738697949343, -0.31170838044793836], [7.293366713452129, -5.8113445771618535, 2.5000283316824596, -0.026706647597796423, 2.6264726752084493, -0.5375703554861752, 1.0676649277083086, -1.3071477589351337], [7.336736930579328, -5.811420231872233, 2.7658429019125506, 0.018406151316232643, 1.1697628785546874, -1.3013184094720367, 1.0682122121718542, -1.3270171175935597], [7.495488716606705, -5.8112272198998145, 2.5936965693454783, 2.6841817233958327, 0.13771881513757445, -0.5416428312290443, 1.0685353402422249, -1.3511162884846935], [7.905188641305506, -6.833618409763966, 3.022995430174273, 0.782173347593502, 2.6102507049205768, -0.5404866581579487, 1.0667610202895121, -0.413844413426558], [7.434928362571255, -5.812056495672994, 2.7542838885388807, 1.504377748586423, -0.03954841231076495, -0.5425489545011506, 1.0685315064010226, -0.6435753349608797], [7.631293104715512, -6.157727621605179, 2.8905254438936243, 0.17337061390102967, 0.10498964418109309, -0.5422339354392106, 1.0685022901582548, -0.9510046612261362], [7.34152035990017, -6.231665139492677, 2.6262723510296895, 1.0049209524015548, 2.4720611384722675, -0.5341020360949583, 1.068625213640714, -1.3511455999336863]]
[[7, 0], [9, 0], [9, 0], [9, 0], [9, 4], [9, 3], [7, 0], [9, 0], [7, 0], [8, 0]]

--> 24 <--
[[7.340298958213605, -5.811421326650807, 2.7593443366826236, 0.3078014692476371, 0.8032465296105856, -0.868780037778538, 1.0685049970061056, -1.3335987725581242], [7.255735905049321, -3.8166648418850677, -0.6221646537216032, -0.06761460065368396, 0.13771881513757445, -0.5416428312290443, 1.0685353402422249, -1.3511162884846935], [7.125968707662774, -5.811613066676207, 2.5472432528131894, 0.1585854702744242, 0.594224279922856, -1.243873594624109, 1.0684148417500943, -1.3426270898934234], [7.563149640059159, -6.020061347707225, 2.5586868270426937, 0.008923925268023145, 1.092183787646518, -1.083154163998442, 1.0682209571497288, -1.3486841354690884], [7.293366713452129, -5.8113445771618535, 2.5000283316824596, -0.026706647597796423, 2.4755311729926497, -0.5332849210574842, 1.067174175139161, -1.3505653729074152], [7.27115419502886, -5.811230425225164, 0.4322333884654661, -0.02844019671600875, 0.2977212158363742, -0.8880467531811351, 1.0685030651106395, -1.3408680697957789], [7.427102372728672, -6.547308394060062, 2.7711120911219314, -1.157363125379013, 0.468288918047861, -0.9595831569506488, 1.0684807422161313, -1.3322675935385968], [7.299753628176694, -6.054015759877033, 2.600287562433728, 0.9501523385339625, 1.0537496205005852, -1.2342804294915024, 1.0684625244717716, -1.3501274389594986], [7.340931544553932, -6.0651574955977345, 2.6380580886107725, 0.9844991921454647, 0.9896240163858105, -0.6267509807485717, 1.0682562964527185, -1.3489557621721777], [7.340684152617306, -5.811422929365802, 2.757966672681176, 0.9502963116055763, 1.1697628785546874, -1.3013184094720367, 1.0682122121718542, -1.3270171175935597]]
[[9, 4], [4, 4], [9, 1], [2, 4], [9, 1], [9, 4], [2, 3], [2, 4], [2, 3], [9, 5]]

--> 25 <--
[[7.125968707662774, -5.811613066676207, 2.5472432528131894, 0.1585854702744242, 0.8032465296105856, -0.868780037778538, 1.0685049970061056, -1.3335987725581242], [7.340356860880555, -5.811421933551429, 2.758084611510037, 0.7460735669459966, 0.5536362036868597, -1.2243679307742916, 1.0684760747906759, -1.3463047272703632], [7.187187825445216, -5.8112401484794365, 1.3741926622068374, 0.15132252027035117, 1.061890873512654, -1.2595930458232016, 1.0684151203648273, -1.348572535427981], [7.155023636804778, -5.811413499047828, 2.5299858185740582, 0.047997281172542365, 1.1344735384737192, -1.2568100009179348, 1.0683341884624744, -1.3360598347409445], [7.293366713452129, -5.8113445771618535, 2.5000283316824596, -0.026706647597796423, 0.13771881513757445, -0.5416428312290443, 1.0685353402422249, -1.3511162884846935], [7.2126020851689265, -5.811387365814365, 0.9476563779059162, -0.023071942518647234, 0.9966482206050203, -1.0315673313182014, 1.0682894065333794, -1.3306727425153202], [7.340298958213605, -5.811421326650807, 2.7593443366826236, -1.0733982621290763, 1.1697628785546874, -1.3013184094720367, 1.0682122121718542, -1.3270171175935597], [7.153988498911004, -5.811451471975454, 1.817678449032807, 0.15337865357898306, 0.31584404853542325, -0.8714412578587839, 5.772654113520684, -1.336925143156028], [7.202327442645895, -5.811597626958585, 2.6735018769164984, 0.20457616047212096, 0.7784884802876222, -1.1051968449801188, 1.0683901273224012, -1.3319656153270047], [8.105648572878604, -5.811478553093561, 1.0762525433824504, 0.059930828751706494, 1.0245365713391368, -1.1194489334185194, 1.0682352257912395, -1.3480031743593834]]
[[9, 0], [9, 0], [9, 0], [9, 0], [9, 0], [9, 0], [9, 0], [9, 0], [9, 0], [9, 0]]

