--> 1 <--
[[7.220924780103783, -5.811550939059185, 2.518523615622685, 0.11865303630363311, 4, -2, -3, 3], [7.474367479210672, -5.811467458282348, 2.329280081444173, 0.35305280379097836, 0.6010393385414636, -1.2106947406467412, 1.068468297061576, -1.3414896072819285], [7.203065639417419, -5.811390093948094, 2.1507881329459653, 0.032396681463471036, 1.0146467891089344, -1.0785692266304285, 1.068277698405988, -1.3359033619217011], [7.295619134991261, -5.8114044139821965, 2.2504762166730137, -0.5996073127800521, 1.0361851373289812, -1.203630587619567, 1.068384550605832, -1.338962150643878], [7.229149528680593, -5.811368347316799, 1.5099798531113353, -0.026594528491448728, 0.9213177163993419, -1.2449034710607472, 1.0683585558124544, -1.346048352234767], [7.202327442645895, -8.29419456726944, 2.6735018769164984, 0.20457616047212096, 0.7784884802876222, -1.1051968449801188, 1.0683901273224012, -1.3319656153270047], [7.203434613520786, -5.811276651727428, 1.390014774501499, 0.014786101823677279, 0.6757830057678582, -1.2760783426917819, 1.0683634920667022, -1.3347041126136652], [7.340298958213605, -5.811421326650807, 2.7593443366826236, -1.0733982621290763, 1.1697628785546874, -1.3013184094720367, 1.0682122121718542, -1.3270171175935597], [7.235883863657225, -5.811372596302655, 2.5377627554854096, 0.15578669477718599, 0.5095874767191646, -1.2131072365660331, -3.4577385442167694, -1.314483887033996], [7.293366713452129, -5.8113445771618535, 2.5000283316824596, 1.6538333683147821, 0.13771881513757445, -0.5416428312290443, 1.0685353402422249, -1.3511162884846935]]
[[9, 8], [8, 0], [8, 1], [8, 1], [8, 0], [5, 0], [8, 0], [8, 1], [8, 0], [8, 1]]

--> 2 <--
[[7.250643545752426, -5.811389017705304, 2.5417001268629607, -0.32009831622143614, 3.074109134165835, -1.2302532125728893, 0.03506021032613704, 2.5796101176696395], [7.203065639417419, -5.811390093948094, 2.1507881329459653, 0.032396681463471036, 1.0361851373289812, -1.203630587619567, 1.068384550605832, -1.338962150643878], [7.336556716451181, -5.811506597804107, 2.5483449170869834, -0.6822148056046462, 2.174247456307287, 2.2127947620677446, -2.053457215119342, 1.6133144132105444], [7.474367479210672, -5.811467458282348, 2.329280081444173, 0.35305280379097836, 1.0146467891089344, -1.0785692266304285, 1.068277698405988, -1.3359033619217011], [7.273899523408855, -5.81142105376932, 2.4040557239197864, -0.2734481917847918, 0.18818908502839746, -1.193392981237406, 3.89180858392814, 2.8115301395099914], [7.225118364725751, -5.811381550555643, 1.809501783041782, -0.02653507543749282, 1.1216536846094087, -1.4760090793563752, -2.542085039062028, 1.8496219879998177], [7.443931851689867, -5.811430976083999, 2.5904686176825447, -0.942373719321874, 3.4525083219055444, -1.6687714643899878, -2.2469375580131885, 2.9357855120632155], [7.2225369245665565, -5.811299312212419, 1.4780262001221263, 0.013688722430720966, 3.311486687220035, -1.5060752524563221, -2.9374530041949507, 2.415685535520623], [7.220924780103783, -5.811550939059185, 2.518523615622685, 0.11865303630363311, 4, -2, -3, 3], [7.286153565881008, -5.8113632384558045, 2.5084315205941743, 1.6386695815373122, -1.843022059577268, -3.330663629376664, -0.6189113159792696, 1.527381307142718]]
[[6, 0], [6, 0], [6, 0], [6, 0], [7, 7], [8, 0], [6, 0], [8, 0], [7, 9], [7, 7]]

--> 3 <--
[[7.225118364725751, -5.811381550555643, 1.809501783041782, -0.02653507543749282, 4, -2, -3, 3], [7.2483527001834105, -5.811378031900493, 2.514283419768077, 0.9365932559227648, -1.5523370342091671, -2.2421407471608257, -0.9081707688824538, 1.636753643822539], [7.362425967169049, -5.811315087054503, 1.6867774674046663, 0.0349699299055362, 2.575422912850105, -3.1699868205190853, -1.5572646446310707, 2.672753518290232], [7.417422373264979, -5.811504769717547, 2.5605521401126996, -0.5624519865245372, 3.7800606682530113, -1.2233559513870462, -1.937019207932301, 2.9267330413060777], [7.2225369245665565, -5.811299312212419, 0.49834261249629064, 0.013688722430720966, 0.18818908502839746, -5.825410948678987, 3.89180858392814, 2.8115301395099914], [7.231089409467716, -5.8113839373189595, 2.069327706925587, -0.07556815279278996, 3.6851599328429923, -2.831036590478468, -0.9060589973036278, 2.611288266317006], [7.259853663893162, -5.8113353578915685, 1.604327667744137, -0.24386661900667478, 0.3551065609404014, -1.6675439358774151, -0.8750713075264891, 2.844101571376468], [7.286131865380366, -5.811372487447792, 2.5036716980627003, 0.7622397416844356, 1.5684466375179664, -2.5640572630374177, -2.1866162894822065, 2.5271242890829098], [7.440506175154124, -5.811402064109117, -1.1058868639760928, 0.07778063437833341, 2.360227222010591, -2.275127071184414, 1.543364940788727, 2.9928096198448806], [7.273899523408855, -5.81142105376932, 2.4040557239197864, -0.2734481917847918, -1.843022059577268, -3.330663629376664, -0.6189113159792696, 1.527381307142718]]
[[5, 8], [4, 4], [5, 4], [3, 0], [5, 8], [3, 0], [4, 5], [4, 9], [7, 4], [4, 4]]

--> 4 <--
[[7.327234284027959, -5.811419196210686, 2.350237307564602, 0.06175333062971203, 0.2201663205680234, -5.1930826413229045, 1.8995651471734805, 2.84383933006442], [7.362425967169049, -4.163660672257409, 1.6867774674046663, 0.0349699299055362, 0.18818908502839746, -5.825410948678987, 3.89180858392814, 2.8115301395099914], [7.225118364725751, -5.811381550555643, 1.809501783041782, -0.02653507543749282, 4, -2, -3, 3], [7.306987397597737, -5.811394269805569, 1.805191053385442, 0.586261612493617, 3.7488653430080756, -4.866603923761047, 1.5348758300491194, 2.8948214294163988], [7.366511313696172, -5.811384956440321, 0.7483086537606145, 0.20526285637192107, 2.389294217797358, -2.8224875794533237, -2.042243605173031, -1.8830547464440572], [7.440506175154124, -5.811402064109117, -1.1058868639760928, 0.07778063437833341, 1.5684466375179664, 0.4132120415395857, -2.1866162894822065, 2.5271242890829098], [7.306913625604391, -5.811379772153069, -2.4211461482287158, 0.7747886633420573, 0.6846665969867753, -3.117461095757794, -1.131290439661114, 1.5771637910975234], [7.224844006355162, -5.811353785041533, 0.9199191019237938, 0.15458810721947014, 2.7707907038434443, -5.050847420726526, 0.4485860441633407, 2.9172646128078346], [7.2423026561309385, -5.811400131657434, 2.3964752940799596, -0.24688389655514584, 0.8165371012862448, -4.834964460369605, -0.8351731710314592, 2.7595710464594383], [7.4281384660894885, -5.811381664187348, 2.078782485369417, -0.5604752343771622, 1.2149844474089175, -3.757379913630318, -1.071810519244274, 2.9265904785850427]]
[[5, 3], [8, 6], [5, 7], [5, 4], [6, 1], [7, 0], [3, 3], [6, 4], [5, 3], [4, 5]]

--> 5 <--
[[7.365175340141013, -5.437362291697642, 2.023569622293963, 0.08252936855293447, 1.3978985970784847, -4.861235370216967, -0.17634931493932776, 2.8558282371243515], [7.366511313696172, -5.811384956440321, 0.7483086537606145, 0.20526285637192107, 1.2149844474089175, -3.757379913630318, -1.071810519244274, 2.9265904785850427], [7.334388166045614, -5.359068679895795, 1.7374264800161097, 0.49144887545182947, 1.5612609107086852, -4.8192118666988595, -0.7582168928049532, 2.219650960427447], [7.362425967169049, -4.163660672257409, 1.6867774674046663, 0.0349699299055362, 4, -2, -3, 4.3807801806213025], [7.440506175154124, -5.811402064109117, -1.1058868639760928, 0.07778063437833341, 0.18818908502839746, -9.797079291213139, 3.89180858392814, 2.8115301395099914], [12.084005385600399, -4.167550670144954, 1.6340604582667675, 0.11327825424046693, 2.0837747392037342, -5.191944342383908, 1.8083168795040667, 3.344289721048211], [7.270463975271582, -4.183749758724838, 1.6997322886401465, 0.0031694685943539757, 3.1395967163587, -3.138638028358676, -2.8876538277476507, 2.9294543829844857], [7.268536892787602, -4.968049680175069, 1.721392281194653, -0.005951917705845685, 3.3980185712955966, -3.596722225371648, -2.7417304301153163, 2.9378633702952563], [7.328087767971401, -4.86406507064558, 1.7426560268716433, 0.029856769704306747, 0.24613815153640523, -5.14757940209638, 2.0503632859046563, 2.9065201193610326], [7.363108967772456, -4.545925337578882, 0.7595089322468327, 0.08161651414302347, 1.4039112802054896, -2.1456235808411837, -2.9041953408503227, 2.0621862019969095]]
[[3, 3], [5, 2], [2, 3], [9, 8], [6, 1], [3, 2], [8, 3], [8, 3], [8, 1], [8, 4]]

--> 6 <--
[[7.268536892787602, -4.968049680175069, 1.721392281194653, -0.005951917705845685, 1.3978985970784847, -4.861235370216967, -0.17634931493932776, 2.8558282371243515], [7.317003645510493, -4.53384653279795, 1.6940140375000619, 0.015221427311163428, 1.4010845290233471, -3.416535742723797, -0.8776429074887077, 2.527223304694916], [7.270463975271582, -4.183749758724838, 1.6997322886401465, 0.0031694685943539757, 1.4039112802054896, -2.1456235808411837, -2.9041953408503227, 2.0621862019969095], [7.302669841738405, -4.960325373702908, 1.740191107932554, 0.011034593817038384, 2.0122777171585713, -2.0468512944720607, -2.965284211752924, 3.461131579665873], [7.357925027278399, -4.873650048663307, 1.4897135009157572, 0.0765275864135109, 1.7129656488401142, -4.196151574925238, -0.34759982884877993, 2.8616108330190837], [7.2895933281486105, -9.124705809422041, 1.7140693083467422, 0.01471293546419541, 2.80999948159464, -4.549875339750193, -2.256470330119431, 4.177442265846274], [7.362425967169049, -4.163660672257409, 1.6867774674046663, 0.0349699299055362, 4, 1.2615493845893635, 0.5293458838039111, 4.3807801806213025], [7.360747087199841, -4.212853756329368, 1.7223123510134486, 0.030898086078031024, 3.500356043447582, -2.3719323847834426, -2.778599387385813, 3.9897916849180537], [7.3248669494593095, -4.176046352041077, 1.6949613173787164, 0.007913367296614167, 2.8266845954405393, -3.18788392954698, -0.5985092438035858, 3.88427463318291], [7.342593928593098, -4.168464504848359, 1.689824922829644, 0.0035533800666047934, 3.763047754834688, -2.9932570271606944, -2.9853018408074243, 2.992825974411369]]
[[7, 1], [7, 1], [7, 1], [7, 0], [7, 1], [3, 0], [7, 1], [8, 8], [7, 1], [8, 8]]

--> 7 <--
[[7.342593928593098, -4.168464504848359, 1.689824922829644, 0.0035533800666047934, 3.763047754834688, -2.9932570271606944, -2.9853018408074243, 2.992825974411369], [7.273457918106978, -4.638510209447783, 1.7222073462071739, 0.011165916997069652, 3.548439839669252, -1.551540399410385, -2.7931316310775043, 3.933535955294114], [7.332511792847377, -4.295508120087279, 1.6903413386468515, 0.008538416695320883, 3.6723541095852994, -2.7092279882560226, 1.2272266895397732, 3.723609606713217], [7.268536892787602, -4.968049680175069, 1.721392281194653, -0.005951917705845685, 1.3978985970784847, -4.861235370216967, -0.17634931493932776, 2.8558282371243515], [7.333554850552542, -4.181145727554647, 1.7144297002322058, 0.026228741341664842, 3.564417303221318, -2.589618661354616, -2.9458106268027917, 3.9373198303587342], [7.318884421124231, -4.520719862845553, 1.6949491874979028, 0.013681016144561658, 3.575107025282892, -2.620941612625814, -2.8115670248726703, 3.4620054906411575], [7.33593611591893, -8.67103590773528, 1.7033036878753418, 0.008978622667846513, 3.5583249435738162, -2.76964952919569, -2.861208193731934, 3.7490633038426084], [7.360747087199841, -4.212853756329368, 1.7223123510134486, 0.030898086078031024, 3.500356043447582, -2.3719323847834426, -2.778599387385813, 3.9897916849180537], [7.297097169773846, -6.913555160926771, 1.7349141114864808, 0.014318093506540692, 3.644510735741801, -2.4080003870507336, -2.929569465196674, 3.6268820880774992], [7.312999351844892, -4.862852948229578, 1.70316657783578, 0.005714374333277102, 3.5362292639007964, -2.986888503090296, -2.7971575926337087, 3.601935052243279]]
[[2, 8], [2, 7], [1, 1], [1, 2], [2, 8], [2, 8], [8, 9], [2, 8], [1, 8], [2, 8]]

--> 8 <--
[[7.33593611591893, -8.67103590773528, 1.7033036878753418, 0.008978622667846513, 3.5583249435738162, -2.76964952919569, -2.861208193731934, 3.7490633038426084], [7.273457918106978, -4.638510209447783, 1.7222073462071739, 0.011165916997069652, 3.564417303221318, -2.589618661354616, -2.9458106268027917, 3.9373198303587342], [7.342593928593098, -4.168464504848359, 1.689824922829644, 0.0035533800666047934, 3.763047754834688, -2.9932570271606944, -2.9853018408074243, 1.6353740386552795], [7.328099530170405, -5.649499458369934, 1.7033008123107842, -0.6989060804068872, 3.549655114777832, -1.8282311032131, -2.8020529609427487, 3.862073320773341], [7.33272391395083, -5.5365176642238225, 1.7000334845736988, 0.011296562932496174, 3.6357314969196555, -2.935436642120296, -2.9253866912285655, 3.011900078377172], [7.316319002001075, -4.802855923519312, 1.6970761776462975, 0.010613720778085579, 3.500719864169337, -1.6160972665944575, -2.7788622522568067, 3.9391845435059683], [7.3205876220576265, -8.40481568043381, 1.7020162208790377, 0.011156370407606305, 3.5684432334789706, -2.5991030523275267, -2.880772820557289, 3.804329759944512], [7.342201842405784, -7.158908415917241, 2.854377341632947, 0.008460383421373542, 3.676209489487201, -2.9907675286245285, -2.818678157021248, 3.001895973829793], [7.3343781489614255, -7.944163875276505, 1.7094617963973708, 0.021332041729287966, 3.73177978975944, -2.993162128172086, -2.816527743540767, 3.1107991586739345], [7.335803957616566, -7.658642012595471, 1.7157517480251485, -0.0033213034570432126, 3.559738547758824, -2.9301344322418554, -2.811239074542794, 3.6006258011946186]]
[[9, 5], [0, 4], [0, 4], [1, 3], [2, 4], [0, 2], [9, 5], [9, 5], [9, 5], [9, 5]]

--> 9 <--
[[3.613068794229565, -7.158908415917241, 2.854377341632947, 0.008460383421373542, 3.676209489487201, -2.9907675286245285, -2.818678157021248, 3.001895973829793], [7.3205876220576265, -8.40481568043381, 1.7020162208790377, 0.011156370407606305, 3.5684432334789706, -2.5991030523275267, -2.880772820557289, 3.804329759944512], [7.32418539780602, -7.829116504208273, 1.706976074255374, 0.008059630332772884, 3.680202990914308, -2.9930367322446587, -2.8175223702826058, 3.0287170468206908], [7.335896084179158, -8.097337567973742, 1.7130789148571184, 0.005458053178802353, 3.5539381322325756, -2.2363721331994837, -2.808477087694455, 3.6208170147643384], [7.33593611591893, -8.67103590773528, 1.7033036878753418, 0.008978622667846513, 3.5583249435738162, -2.76964952919569, -2.861208193731934, 3.1076405268206493], [7.502102745950025, -8.314164084738858, 2.390015429303536, 0.009447644940040578, 3.723069252814673, -2.0445823005862445, -4.903408723318099, 3.579295350995506], [7.33048292399361, -8.07752546140716, 1.7126876315988098, 0.0035649008744212743, 3.6119836107168357, -2.948010173862624, -2.811267106804465, 3.5001864007679284], [7.3392309007436545, -7.866299359780539, 2.7081155471173304, 0.017565434581541813, 3.7432605270725348, -2.6302117218235006, -2.962911586168117, 1.7614398210350346], [7.323443930560016, -8.241886210387065, 1.7084845880975397, 0.016247460476372787, 3.5955406835648063, -2.961672604168416, -2.833871703609965, 3.6445133069593028], [7.3394569217468, -7.898228144063858, 2.7858801699366587, 0.008868368387800703, 3.7094818596593924, -2.6314570445384624, -2.937661291236777, 3.181628712857255]]
[[9, 0], [9, 0], [9, 0], [9, 0], [9, 0], [9, 0], [9, 0], [9, 0], [9, 0], [9, 0]]

