--> 1 <--
[[3.116389725472551, -4.939590760563188, -8.574711549412958, -5.417467220739698, -6.4726687062145105, 8.326550805502752, -3.9703446819336534, 5.373103699549368], [7.125968707662774, -5.811613066676207, 2.5472432528131894, 0.1585854702744242, 0.8032465296105856, -0.868780037778538, 1.0685049970061056, -1.3335987725581242], [5.477424687855858, -5.812512827172014, 4.226265806720565, 2.6439779769585354, -0.10832036927279493, 0.09759076755521878, 1.5835432338051816, -2.4732083340904016], [2.7938269918857817, -7.903105284343317, -3.247046705872724, -0.3501449763306154, 4, -2, -3, 3], [1.3934963252515349, -3.7052664194797558, 5.64524447596003, 4.535240567531959, 8.226518107891664, -4.339058649800844, -7.148828733962533, 2.2925615725089283], [0.01336786320336003, -0.45422169311949645, 6.385021922390656, -3.3061031440285866, -6.252307137917366, 6.226398689487219, 9.42184982377482, 1.5328730328755142], [7.286153565881008, -5.8113632384558045, 2.5084315205941743, 1.6386695815373122, -1.843022059577268, -3.330663629376664, -0.6189113159792696, 1.527381307142718], [-8.363407951766522, 5.985405567567561, 9.365026421717719, 1.7155956755301425, -7.162905576737959, -2.6613437419280217, 5.053090631067185, -0.9499309889174619], [3.941406145340176, -2.018097195870661, 4.69804160595146, 6.881051049830454, 5.799170005258924, -5.905428539924021, 5.606677077237283, -9.658649728638824], [9.978549299663765, -8.164660214648148, -4.9197956011106125, -9.140392364148715, -3.0128259864190614, -3.1857517467935725, 2.7528929037654493, 4.003687465380333], [6.316035922665165, 2.9948483310512515, 2.0710325106206824, 3.858683973023423, 6.396429477348555, -5.292766871864254, 1.1589567140368686, 2.749405142381642], [5.052128077726181, 9.17416272773816, 2.121519478651429, -4.455403750682036, 5.372588021788069, 2.8341620519201705, 9.945320092692874, 5.654402052001288]]
[[9, 1], [9, 3], [7, 5], [10, 4], [9, 5], [7, 2], [8, 3], [2, 3], [9, 4], [11, 5], [10, 3], [3, 0]]

--> 2 <--
[[5.482960594393472, -3.7195340407397843, 2.0930373347828435, 3.131538526611775, 6.750063152120668, -5.033926290269411, -2.3684333853427537, 2.6754313221848625], [9.978549299663765, -8.164660214648148, -4.9197956011106125, -9.140392364148715, -0.10832036927279493, 0.09759076755521878, 5.555328200669548, -2.4732083340904016], [8.032488446098107, 1.589240444794087, 0.6726070733254709, -9.038805664104519, -0.607940526566606, -2.3173553609752906, 0.8936693078072075, 2.5257787170961374], [5.848759426651306, -7.593973010348739, 2.273501672475664, 0.043046011547471244, 6.2213853738764495, -4.729133146624081, 4.186220097222419, -8.39033830678613], [12.387920190576057, -3.5939166613179205, 1.981425241042115, 0.3196010500670221, 2.254992186875448, -2.479104610386737, 0.890580065111132, 0.04047405684650773], [2.7938269918857817, -7.903105284343317, -3.247046705872724, -0.3501449763306154, 8.226518107891664, -0.5947651623483736, -7.148828733962533, 2.2925615725089283], [6.316035922665165, 2.9948483310512515, 2.0710325106206824, 3.858683973023423, -3.0128259864190614, -3.1857517467935725, 2.7528929037654493, 4.003687465380333], [7.560266457693643, -6.61198811782108, -1.9581204643741272, -4.021434115711749, -0.472357741690402, -1.0180905444400075, 2.412495519837441, -0.6151483239278495], [5.058516730226689, 1.1506987611109847, 4.174075537572573, 6.770403181592915, 0.9382453206424165, -1.5872064755468436, 0.7866685553113785, 1.1252834563246514], [8.089031061676515, -7.877421860784806, -3.6081615360874566, -1.8826336830599637, 4.510898104280507, -1.5927811155502551, -5.00385970542812, -1.8023703566763567], [3.006941748430678, -5.027404370738715, -4.260434043507717, -1.9896708545570445, 5.713468899285688, -1.8084775848645338, -1.329057279798923, -1.2606984909269447], [6.128293485817713, -1.9676050908749236, 1.8977376944101905, 2.3002701120852573, 1.4444977600301012, -1.7603535940763309, -1.368433701398352, -0.15703383435402762]]
[[8, 7], [9, 6], [3, 3], [5, 5], [8, 6], [7, 3], [4, 4], [8, 4], [7, 2], [7, 4], [8, 5], [6, 3]]

--> 3 <--
[[10.778323087372286, -3.875465023737959, 0.4330505001596128, -2.5470037061558104, 0.8621266872742619, -4.563708996878371, 7.345883315414749, 2.0511024996687777], [5.408580971389578, 1.0544027265805977, 3.789122756365633, 3.8886731568554627, 1.6817410799144108, -0.19582235533029296, 4.473783345244858, -5.087490562961463], [4.641902961499472, -4.8004396880627125, -1.412996545130567, 0.9882624896475727, 6.59316294207117, -4.870566060155205, -1.725776781608266, -6.434279257347203], [11.663476574838338, -3.5950204845255604, 2.020883948353192, 0.8596476393501836, 6.057559088365924, -2.851699154569157, 0.20023177520256585, 0.11681449545072752], [3.8018885642664637, -1.0888358407330885, 0.7385071259891571, 4.563641729431838, 5.591859636934966, -0.7820602740435286, -0.47643134326138425, -0.3623077635974461], [6.340252700771248, -7.952657067249506, -4.561960948088543, -3.1608538581118615, 1.2913675981958774, -4.91740732549208, -0.46976914702535333, 3.439937180019174], [12.387920190576057, -3.5939166613179205, 1.981425241042115, 0.3196010500670221, 2.254992186875448, -2.479104610386737, 0.890580065111132, 0.04047405684650773], [5.075869115386755, -6.575685974267591, -3.4341818337953827, -2.6290269884839423, 2.6896997884207496, -0.458583273443548, -7.9817424246393305, -2.1047525478344977], [5.482960594393472, -3.7195340407397843, 2.0930373347828435, 3.131538526611775, -0.10832036927279493, 0.09759076755521878, 5.555328200669548, -6.11982154569781], [10.580516134246082, -3.653470678430267, 2.0229000998845184, 0.8065738908212168, -1.643579160474673, -3.0384065307417365, 1.353922628470118, 1.3931237330125275], [9.978549299663765, -8.164660214648148, -4.9197956011106125, -9.140392364148715, 6.750063152120668, -5.033926290269411, -2.3684333853427537, 2.6754313221848625], [3.0141811099243307, -5.1955537334828925, 2.191182264686735, 1.485794766578597, 1.6338900434554078, -3.645965847250646, 3.5760980532133826, -6.736147105821908]]
[[7, 3], [6, 1], [8, 3], [8, 3], [8, 5], [10, 2], [6, 1], [8, 6], [9, 3], [8, 3], [8, 4], [9, 3]]

--> 4 <--
[[10.857075333407742, -5.486028754593425, -1.6409103946289378, -3.1194422625869276, 5.691210543464349, -2.9420324768120754, -0.5801567962569835, 0.7072158777145342], [6.340252700771248, -7.952657067249506, -4.561960948088543, -3.1608538581118615, 2.6896997884207496, -0.458583273443548, -7.9817424246393305, -2.1047525478344977], [8.433894755646135, -4.033959194993811, 2.053081597058687, 1.138728478833949, 6.292758328391027, -3.273388221393197, -2.279615945303839, 2.5991615161975066], [10.046111703951606, -3.961299828727959, -3.7265659214390183, -0.8196643837617881, 6.316593424363877, -2.8976911456736336, -0.16449319521626166, 0.1283875299142412], [5.26608504307266, -5.513895820346724, 1.7347906789087801, -2.968378730767342, -1.1850819569066555, -2.8304283043987226, 1.0647519157778773, 0.5350365541749786], [5.318881395279199, -5.923001030547052, -1.5477725327555527, -0.28688761847130073, 2.455528129031362, -2.1997065761265047, -3.247605422086432, -0.22793679914717296], [3.0141811099243307, -5.1955537334828925, 2.191182264686735, 1.485794766578597, 6.750063152120668, -5.033926290269411, -2.3684333853427537, 2.6754313221848625], [6.910788370535773, -7.435137947471035, 0.40471197243426404, -4.498350077620644, 6.143934015697628, -4.287957234712407, -1.9421840689171936, -0.2518594823735268], [3.403392948108567, -6.5034642356593935, 0.5961483906654181, -1.665875827024973, 6.729433572046074, -4.996654972606922, -2.09196964973201, -2.360835998904278], [5.239801021188903, -4.182381890929053, 2.177021642539714, 1.3032446912667315, 2.4700439627404327, -2.0646041906018944, -3.650953043565653, -2.911122796385163], [5.482960594393472, -3.7195340407397843, 3.5383656360371707, 3.131538526611775, 5.591859636934966, -0.7820602740435286, -0.47643134326138425, 1.6985511959309063], [10.873808147139535, -7.428858358475715, 1.2315786569252398, -9.04416467996837, 6.6078960253064105, -4.907882904905664, -2.2497560893504014, -0.6542632890730953]]
[[7, 3], [8, 3], [9, 3], [5, 0], [9, 2], [8, 2], [8, 4], [9, 6], [9, 4], [9, 3], [7, 3], [10, 1]]

--> 5 <--
[[8.433894755646135, -4.033959194993811, 2.053081597058687, 1.138728478833949, 6.750063152120668, -5.033926290269411, -2.3684333853427537, 2.6754313221848625], [5.411200962671884, -4.626427824106258, -0.9219231352338694, 2.9397022510520463, 6.403124169054136, -4.326894886023774, -1.9615067908667183, -1.169370324392296], [5.350300137383447, -6.238026364595163, -1.4955906051025547, -4.360109150707986, 6.059357379784814, -3.0193828326550287, -1.2422359548166166, 0.42750671435634063], [5.26608504307266, -5.513895820346724, 1.7347906789087801, -2.968378730767342, 6.729433572046074, -4.996654972606922, -2.09196964973201, -2.360835998904278], [10.873808147139535, -7.428858358475715, 1.2315786569252398, -9.04416467996837, 6.143934015697628, -4.287957234712407, -1.9421840689171936, -0.2518594823735268], [4.698728693790778, -6.193969360542324, -0.18239322707551558, -2.956170637082425, 2.656140207611917, -1.7865939969312972, -4.112263686967796, -0.5268474489326322], [5.556033622745508, -7.211588016586368, 0.7399840573460852, -1.5430522072760318, 3.111724407152547, -4.801854702216188, -6.394111210548741, -2.156926485971168], [3.1216123375430995, -4.556821824906501, 3.282663057172127, 1.714728455693019, 6.450305778007454, -4.316881909085289, -2.0322506490302747, -1.1743867297583832], [6.420310625384504, -4.107487662047785, 2.1594374291921614, 3.8953228353003753, 5.238450469890304, -2.8691030396165367, -2.7557815710286424, 0.23553473094738864], [7.680180929570746, -6.817588420259623, -4.421542666304931, -2.3443362837509154, 3.6108688980641146, -4.622252497909032, -2.891562000088064, -2.1960744617129366], [7.041810555421026, -1.2518906012147655, 0.9218294397564515, 0.4370569595887921, 6.271166674867205, -4.575086827042444, -1.9574287989905765, -0.7713781121538413], [7.091876235438933, -4.9808327311505645, 1.6406337772740163, -3.5261702696584307, 6.422007267713078, -4.114718771755831, -2.104181746776809, -4.126617605304979]]
[[6, 2], [11, 3], [9, 1], [8, 5], [7, 4], [7, 3], [8, 2], [5, 2], [9, 3], [9, 4], [7, 4], [9, 4]]

--> 6 <--
[[4.716384616161903, -5.5236487895189486, -0.21878963900155007, -3.8213637644888316, 4.289602052082291, -3.6179900253775266, -3.7342266798189714, -0.6791092829686763], [6.9827207042312835, -9.573016479648242, -0.43193332493153425, -0.3476543503968572, 6.394810876812262, -4.364385787126369, -1.9609573446732727, -0.9451491194586275], [5.350300137383447, -6.238026364595163, -1.4955906051025547, -4.360109150707986, 6.143934015697628, -4.287957234712407, -1.9421840689171936, -0.2518594823735268], [6.2149152396214085, -5.8031491122194065, 2.09104378177239, -0.8834627927374898, 6.603791220055738, -0.6822399836611783, -2.03493523242902, -2.149171054039492], [10.263994340684084, -6.075559695120278, 1.4026959897491427, -5.85044804978947, 6.597060925416488, -4.767761359899017, -2.10123219643292, -2.4384115161225113], [5.1024986728371795, -5.116317486625606, 0.440113534627812, 0.34363908492580125, 6.386325689124887, -6.722969354405835, -2.0679544712995197, -3.763662226681277], [6.420310625384504, -4.107487662047785, 2.1594374291921614, 3.8953228353003753, 3.6108688980641146, -4.622252497909032, -2.891562000088064, -2.1960744617129366], [5.39396785881712, -5.455092778779088, -1.376774429211744, -3.4934238622170235, 6.037365839150401, -2.1783604714381646, -3.0123966385015333, -0.40493600408033426], [7.964237372896217, -6.170569356038292, 1.2447876678692371, -3.3349226584234115, 4.448930994504694, -4.505831849906742, -2.8574610957672926, -0.4459342398723258], [3.6133702866627138, -4.598038571132922, 1.3285088208753604, 1.7895961152884359, 4.901615921774575, -4.432219282741747, -2.3049420506964857, -2.557409052944406], [8.152029998810185, -7.237995155328739, 1.0204325464944088, -5.476718244193018, 6.416694555145379, -4.289027670109027, -2.0010133802911643, -1.02248794492193], [5.411200962671884, -4.626427824106258, -0.9219231352338694, 2.9397022510520463, 6.729433572046074, -4.996654972606922, -2.09196964973201, -2.360835998904278]]
[[6, 5], [6, 3], [8, 5], [9, 3], [8, 4], [7, 1], [8, 3], [7, 4], [9, 4], [4, 3], [8, 5], [9, 3]]

--> 7 <--
[[6.396604904839184, -5.397700893479687, 2.1297801612273335, 0.8113349555165595, 3.6857097582382523, -4.068088541222921, -3.3742257782893903, -1.3759396580736256], [6.2149152396214085, -5.8031491122194065, 2.09104378177239, -0.8834627927374898, 4.289602052082291, -3.6179900253775266, -3.7342266798189714, -0.6791092829686763], [11.559485267458653, -5.5928914758112915, 0.3101258085906448, 0.04724562531136267, 6.066845053531269, -4.2389309024727195, -2.6439744172004054, -0.5692799466885744], [5.406925954741346, -6.187392357565015, -0.5218288037362269, -0.6523328975982022, 6.376780797851316, -1.3873303239847967, -2.51205508300901, -0.9039272517266339], [4.4713808969320885, -4.626427824106258, -0.9219231352338694, 1.3649854969483175, 6.416694555145379, -4.289027670109027, -3.5512275772852973, -1.02248794492193], [8.055367215635744, -7.045037267426484, 1.192792319081545, -3.522989476413085, 5.188954180781051, -3.1154762360809323, -3.4278293620196054, -0.44455972164452945], [5.479511236129637, -4.238956597561066, 0.9863432950327342, -3.49378328432012, 4.809243862810648, -4.438451326153053, -2.759969225457568, -0.39940882805204864], [5.5651962331533715, -9.33065883462609, -0.6746358425172295, 0.6690563213975697, 6.687824380791705, -4.5067249555004905, -2.0355634798282085, -0.3206146762560661], [5.576080967615557, -5.978101789680239, 0.36040716147045837, -3.121066813606084, 4.662782336309582, -3.627961965746356, -3.2145280281346578, -0.7131726099039531], [6.21884470298585, -4.315493189847914, 0.1683683929936617, 3.062250949685774, 5.3169238116044975, -3.9289629513242246, -2.6584977781504833, -0.8999664088806499], [3.6783015101998915, -5.235247399763778, 1.340078516034081, 0.8126962224746082, 5.357643350786777, -3.929800713963626, -2.153391474317131, -0.8779074920734902], [7.964237372896217, -6.170569356038292, 1.2447876678692371, -3.3349226584234115, 6.143934015697628, -4.287957234712407, -1.9421840689171936, -0.2518594823735268]]
[[9, 1], [8, 3], [4, 4], [5, 2], [7, 5], [9, 3], [10, 6], [5, 1], [8, 4], [10, 3], [9, 4], [9, 3]]

--> 8 <--
[[5.575715459134967, -4.372152602318656, 0.45276142673749864, -3.3659588698255947, 5.496525892455793, -3.8327347238983336, -3.5695286894007934, -1.0212181821911035], [9.879012516811688, -4.398163246442042, 1.0264646612951058, -3.4981306550038087, 5.152563663475144, -3.684214273369144, -2.2006259671746307, -0.7329174384075088], [7.517049956887908, -5.363202876344637, 0.6305140091915664, -0.5798858332596153, 5.671324739285853, -4.334001793529423, -3.4238823665388294, -0.42752000843870125], [6.860876859929402, -5.765998232502303, 1.1910431288153611, -1.0215428420445238, 5.015563238894685, -3.724701981557003, -2.584931584599959, -0.8730370612603066], [5.519802481450584, -5.075529358071585, 1.5030273296992893, -1.9479191496124795, 4.953958058449096, -4.2251141216865165, -2.5601821231642203, -0.4777312117387551], [5.479511236129637, -4.238956597561066, 0.9863432950327342, -3.49378328432012, 4.809243862810648, -4.438451326153053, -2.759969225457568, -0.39940882805204864], [4.869626963142694, -4.315493189847914, 0.1683683929936617, 3.062250949685774, 6.416694555145379, -4.289027670109027, -3.5512275772852973, -1.02248794492193], [6.396604904839184, -5.397700893479687, 2.1297801612273335, 0.8113349555165595, 6.066845053531269, -4.2389309024727195, -2.6439744172004054, -0.5692799466885744], [6.0181815799256295, -4.311666793672528, 0.6536966641773697, -2.3360074735747456, 5.134664534525211, -4.3107569399486465, -3.427845918975595, -0.7878509173390551], [7.236616248330271, -5.62573511990397, 0.6218128676222688, 0.6842603792554056, 6.1888002721083275, -4.102538772965133, -0.5737232627196116, -0.8999294300380094], [6.2811073777864825, -4.461526704178253, 1.2602945799675962, 2.8007458550130013, 5.1990384780324765, -4.184441572888267, -3.2103195018328323, -3.889366205250352], [4.7915029650912055, -5.206202733423123, 1.2438029581637684, -0.5565236567066556, 5.88605179079255, -8.451970019829943, -3.1238862300072014, -0.9011104566621564]]
[[9, 2], [7, 2], [11, 4], [10, 0], [11, 1], [10, 1], [9, 4], [8, 3], [9, 0], [9, 4], [9, 2], [7, 0]]

--> 9 <--
[[6.860876859929402, -5.765998232502303, 1.1910431288153611, -1.0215428420445238, 6.1888002721083275, -4.102538772965133, -0.5737232627196116, 1.9766899958831678], [5.68551597949983, -4.24186457911059, 0.9085838921821352, -3.293503373899372, 5.1560654367172, -3.981433846495406, -2.968260493343546, -3.5712120928393523], [5.797665580020803, -4.39452687981665, 0.571493096400097, 2.2896648652979237, 6.108562970340656, -4.235356252361885, -1.3602162871220955, -0.8081121691511769], [6.029164311547298, -4.5388719448032475, 1.681888709898982, 0.05132504557813766, 6.289486237349056, -4.281519867910049, -3.508899623648193, -0.9841949646463095], [5.811440399079395, -4.885683984737973, 0.946531046700967, -1.2817644538801236, 5.753531451608394, -4.254395714384565, 0.2881276142388387, -0.5655408233546998], [9.336173756470172, -4.3336902388482, 0.8796127886373101, -3.2681802571964385, 5.466745133199718, -4.22535879680645, -3.3027859841971927, -3.3573210665592055], [7.028102384913229, -5.0399365282140245, 0.620238321301701, 0.8193563181116992, 5.74502453614049, -4.252339048629505, -1.7280334558772055, -0.5709685249397305], [9.888711777671833, -8.289927126553668, 2.0449909217160656, -1.8024959342928941, 5.26831059232693, -4.16865013486695, -3.1218303727040224, -2.918603214087483], [8.788734908863578, -5.081504837049179, 0.8685679030390743, -0.7421979168575643, 6.177525120818298, -8.48176932518529, -3.470339963967965, -0.876221010613562], [5.5233621907069015, -4.8317468362208, 1.228754108938697, -3.2865407756167833, 5.216519590356951, -4.189757466303626, -3.3011319331144824, -1.4435257336795189], [7.517049956887908, -3.415845653475168, 0.6305140091915664, -0.5798858332596153, 5.671324739285853, -4.334001793529423, -3.4238823665388294, -0.42752000843870125], [5.519802481450584, -5.075529358071585, 1.5030273296992893, 0.31300243475367484, 6.416694555145379, -4.289027670109027, -3.5512275772852973, -1.02248794492193]]
[[11, 4], [4, 3], [9, 1], [8, 4], [10, 4], [9, 5], [8, 3], [8, 1], [7, 2], [6, 1], [9, 4], [7, 4]]

--> 10 <--
[[7.854550160467624, -4.927562852095729, 0.8879559431435273, -0.7874054237580549, 10.223528294600374, -4.142317416059565, 0.1589488692205827, 1.2360037981230754], [9.6388533282881, -6.881503285299674, 1.0051271122575758, -1.0601823269912214, 6.376057296183948, -4.2617602819420135, -3.424758984387586, -3.0302799159409837], [5.811440399079395, -4.885683984737973, 0.946531046700967, -1.2817644538801236, 6.1888002721083275, -7.07459467061801, -0.5737232627196116, 1.9766899958831678], [6.2366534318884135, -7.695098280297336, 1.7553836031314929, -0.41858355693834426, 5.708921874536501, -4.27652661965388, -0.9292270778114166, -0.5630303150257292], [7.35144379770609, -4.34346161299388, 0.7118259241728997, 2.135553588277626, 6.263702340165672, -4.2738973689270425, -3.547844167686206, -2.5257067103703235], [5.797665580020803, -4.39452687981665, 0.571493096400097, 2.2896648652979237, 6.289486237349056, -4.281519867910049, -3.508899623648193, -0.9841949646463095], [6.837308294084319, -5.524753189079004, 1.3010851168695323, 0.04601512499633702, 5.71052385276353, -4.278307532331521, -3.075400207025813, -0.5011216988617674], [5.706200574617878, -4.914068460002032, 1.0185140687099568, -0.8305871568781661, 6.337772317723526, -4.25586200328412, -3.547535546885484, -2.367035211168223], [6.163029825369336, -4.16431616786253, 0.9236241604883106, -0.7334114877237101, 6.39429507438706, -4.184655905578132, -1.359402626493988, 0.0770265588923783], [7.199658807227082, -4.348204201027333, 0.6562861778194876, 1.8763855221947936, 6.084261818955579, -7.209405648654228, -2.63356534529151, -0.7594635958100068], [6.513503983328652, -4.629917923549658, 0.7746398498819946, 0.10621771536538208, 6.225030079780526, -4.176060794782265, -1.644855922486981, 0.11045005769018568], [6.860876859929402, -5.765998232502303, 1.1910431288153611, -1.0215428420445238, 5.466745133199718, -4.22535879680645, -1.1145239122890058, -3.3573210665592055]]
[[9, 0], [10, 5], [8, 1], [7, 1], [6, 6], [8, 3], [9, 0], [8, 1], [10, 9], [7, 1], [9, 3], [9, 2]]

--> 11 <--
[[6.163029825369336, -4.16431616786253, 0.9236241604883106, -0.7334114877237101, 6.263702340165672, -4.2738973689270425, -3.547844167686206, -2.5257067103703235], [8.022443165504772, -4.440119830113276, 0.7468420074445778, 0.1644133392517011, 6.391012411689765, -4.198034900678914, -3.158665242881012, 1.6753311995585158], [6.706056638166295, -4.707219793212471, 0.9848761053004811, 0.3976400904815787, 6.271505208863948, -4.250401414808346, -3.4576984996425, -1.7726199086194874], [5.89222784931304, -4.204138413772986, 0.726538466699981, 0.7509381398551157, 6.269208990023968, -4.203556032009668, -3.334503332679443, -0.7657774940606484], [5.969018152316557, -4.238888853816491, 0.6109821668120073, 1.4597090690442973, 6.309183576258459, -4.251191122547921, -3.313725211846287, -2.4091898069596414], [6.424979808906192, -4.316422479760903, -0.290189820782661, 1.6914046062783539, 6.361789259764121, -4.19942771143956, -3.3102635760123236, -0.74101107089228], [8.842763238489042, -5.831864415446927, 0.9552582115205853, -0.8299768067201907, 6.386173909781881, -4.206095844712101, -2.861244081533422, -0.2669280586776372], [6.601674457062732, -4.2617871625498625, 0.8997793494644544, 0.2799017267158382, 6.389125655323571, -4.182934668588278, -1.5519820409170113, 2.3481166791458445], [7.333084199963712, -4.3675114320700175, 0.9126385871451743, -0.7399090348168716, 5.908756686292065, -4.193905015561816, -3.398395044985222, -0.6677634891865117], [9.6388533282881, -6.881503285299674, 1.0051271122575758, -1.0601823269912214, 6.39429507438706, -4.184655905578132, -1.359402626493988, 0.0770265588923783], [7.854550160467624, -4.927562852095729, 0.8879559431435273, -0.7874054237580549, 6.376057296183948, -4.2617602819420135, -3.424758984387586, -3.0302799159409837], [6.5762251401468905, -4.7573655575160405, 0.8194980610028192, -0.12707266290768693, 6.308953133156186, -4.254284250705765, -2.5744818321965024, -0.5089065086793964]]
[[11, 1], [9, 2], [8, 0], [8, 4], [8, 3], [10, 2], [9, 1], [11, 3], [8, 2], [7, 2], [8, 3], [10, 2]]

--> 12 <--
[[7.762511761106463, -4.271867570566469, 0.7895809096141004, 0.19572649155062394, 6.356237129060949, -4.233726580956519, -3.311538190089996, -1.5763607993168391], [7.05700134224195, -4.306219895184902, 0.9080955812766833, -0.11738811165466792, 6.372598847469522, -4.243110922903779, -3.173618192416047, -1.9936400278145094], [6.424979808906192, -4.316422479760903, -0.290189820782661, 1.6914046062783539, 6.389125655323571, -4.182934668588278, -1.5519820409170113, 2.3481166791458445], [6.564683375492038, -4.47436504676807, 0.8771598441961469, -0.5303448440746575, 6.278933849544454, -4.198061556534283, -2.134325069765177, -0.120846902477114], [8.675002961358416, -4.566372695439233, 0.7860977361712352, -0.745796679093375, 6.392266649320471, -4.191858005105304, -1.503411234545847, 1.383924671313945], [6.975168662232268, -4.68379542711099, 0.9134433511887083, -0.7752762897523646, 6.1621852031242526, -4.19849262806085, -3.347831357961125, -0.6779743632631764], [7.212637467018931, -5.062251040184358, 0.9341952629357023, -0.7784408484594121, 6.297692462990939, -4.225849016760288, -3.327752825611374, -1.5827151418494503], [6.163029825369336, -4.16431616786253, 0.9236241604883106, -0.7334114877237101, 6.269208990023968, -4.203556032009668, -3.334503332679443, -0.7657774940606484], [6.244717378683168, -4.225043303647679, 0.5477489350350278, 0.7590787081902863, 6.318337565149905, -7.597429151514306, -3.2593371534778073, -0.7584187931313363], [8.619998568407542, -5.291176138394496, 0.571972015715272, 1.6621733756052388, 6.380624931404229, -4.221188248280199, -1.7212531593861895, -2.2627967880749607], [6.571783728496333, -4.277038099177623, -0.14718137223286976, 1.2034858646070963, 6.279353248136087, -4.221650608404247, -2.629328604447653, -0.673427772139692], [6.601674457062732, -4.2617871625498625, 0.8997793494644544, 0.2799017267158382, 6.309183576258459, -4.251191122547921, -3.313725211846287, -2.4091898069596414]]
[[11, 2], [8, 5], [9, 2], [8, 1], [6, 3], [9, 2], [9, 4], [10, 1], [9, 1], [8, 1], [10, 3], [8, 2]]

--> 13 <--
[[6.571783728496333, -4.277038099177623, -0.14718137223286976, 1.2034858646070963, 6.392266649320471, -4.191858005105304, -1.503411234545847, 1.383924671313945], [6.502657888305061, -4.291094881129232, -0.22127709756023037, 1.5336469629314442, 6.311541021951567, -4.20423472905707, -1.8110103468557366, 0.8480131417033583], [6.163029825369336, -4.16431616786253, 0.9236241604883106, 0.987820494651944, 6.297692462990939, -4.225849016760288, -3.327752825611374, -1.5827151418494503], [7.780300211964295, -4.9580926806436905, 0.8865320460274349, -0.7730470897932681, 6.344481265142436, -4.231308050473564, -2.6928914494291303, -0.6757103336020862], [6.364714005061072, -4.514490123863229, 0.9243750234512377, -1.588425405925469, 6.333623724429344, -4.226669137288354, -3.206380466678916, -1.7650263928638168], [7.762511761106463, -4.271867570566469, 0.7895809096141004, 0.19572649155062394, 6.372598847469522, -7.616674240793966, -3.173618192416047, -1.9936400278145094], [6.476606229386407, -4.3097430163368395, 0.8502209775882176, -0.0865372516625717, 6.382997282284261, -4.216681925844384, -1.7080024177467175, 0.6710611955891783], [6.639355131211324, -4.4559831648489405, 0.8513261053114474, 0.12080713319066799, 6.349808639722431, -4.240880821636886, -3.2015406297779, -1.7046399786191564], [6.274892483170539, -4.290840757230209, 0.05800617945056524, 1.4439770674166228, 6.375886896270759, -4.202098972404944, -2.534035485420138, 0.1804032063409619], [6.52381078438057, -4.5582203827716015, 0.9144298974662113, -0.7532972194417111, 6.288768788415518, -4.225353065180552, -2.740890282624918, -1.5578283299897269], [7.274788298359082, -4.275423618556174, 0.8726794479788923, -0.695064133830053, 6.366953799767115, -4.23471718462383, -3.2009571174223854, -1.6188978078554133], [6.347737991421591, -4.240525345958337, 0.49712325742284663, 0.974129111945244, 6.389758496431157, -4.18525960229136, -1.5048244761527663, 1.9306803832047075]]
[[10, 3], [9, 1], [9, 3], [6, 5], [9, 1], [7, 1], [9, 3], [10, 2], [8, 3], [9, 4], [6, 3], [9, 2]]

--> 14 <--
[[6.434398720997262, -4.2999255715363045, 0.8689357753489789, 4.288342614965717, 6.320697687623495, -4.230051266805275, -3.0080309979055664, -1.0736381799167452], [6.54881680354974, -4.402555469916008, 0.8504325048151629, 0.04721515276405261, 6.321570718887707, -4.227664301607453, -3.301471894086325, 3.4911179402994845], [6.502657888305061, -4.291094881129232, -0.22127709756023037, 1.5336469629314442, 6.392266649320471, -4.191858005105304, -1.503411234545847, 1.383924671313945], [6.571783728496333, -4.277038099177623, -0.14718137223286976, 1.2034858646070963, 6.344481265142436, -3.7647717971375316, -2.6928914494291303, -0.6757103336020862], [6.336108647218505, -4.171170438097044, 0.7756187661416687, 0.9833892506868587, 6.345251680181809, -4.2194841511647585, -1.558793225579315, -1.6432396172908845], [6.181309953507739, -4.205604028822965, 0.7040012576853757, 1.1402951070142597, 6.367532178089115, -4.22851671404385, -2.5844816038227716, -0.4473698090300698], [6.422204255167444, -4.262783891440841, 0.9182528630596924, 0.9046101264880331, 6.354997101089431, -4.23152484986347, -2.8523973400585048, -0.6957992075302998], [6.337747244342203, -4.297902997059383, 0.9217651678999248, 0.4943012559041453, 6.34737420370748, -4.238295038667185, -2.900264111626426, -0.7549780732601092], [6.861726810683531, -4.436361761500387, -1.7675736096214703, -0.7183456869523235, 6.358627832389084, -4.233085700354096, -2.9246739319990604, -1.1299177692252167], [6.639355131211324, -4.4559831648489405, 0.8513261053114474, 0.12080713319066799, 6.288768788415518, -4.225353065180552, -2.740890282624918, -1.5578283299897269], [6.339942252922276, -4.381292288462486, 0.8263502920245466, -0.202207975271678, 6.363214517567316, -4.22540575564284, -2.5914743489632923, 0.05373022817394686], [6.627735321938611, -4.384853833971547, 0.5451119395865078, 0.8751837262935602, 6.346858093410899, -4.190862270776261, -1.648655142241837, 1.3869792123607159]]
[[10, 4], [9, 2], [6, 2], [8, 2], [10, 2], [11, 1], [8, 3], [8, 1], [10, 3], [11, 3], [8, 1], [8, 1]]

--> 15 <--
[[6.440623917352234, -4.3297667582655555, 0.5928769214821419, -0.4872554353293014, 6.3178770778261875, -4.2299317149499025, -2.9825574370781593, -1.3289961620212374], [6.843746627585144, -4.40529365559313, -0.23563072470389074, 0.30964408992790204, 6.321418996922676, -4.22976515746589, -3.1727685397793604, 1.8134705493922334], [6.181309953507739, -4.205604028822965, 0.7040012576853757, 1.1402951070142597, 6.320697687623495, -4.230051266805275, -3.0080309979055664, -5.891941453049546], [6.2670932067144385, -4.184933443882095, 0.7452396416564917, 1.00778561163204, 6.327828086834747, -3.8242178177868396, -2.710666085915205, -0.9613472715352518], [6.8095934196101116, -4.313531445996782, -0.16424715612505714, -0.1381585533423797, 6.289019672681168, -4.228665173144151, -2.943429157853813, -1.371463246399869], [6.503438938814542, -5.020649451771328, 0.5429960769455389, 0.4610710402086262, 6.354466688097994, -4.232327071630304, -2.9817330817025995, -1.120015661254454], [6.434398720997262, -4.2999255715363045, 0.8689357753489789, 4.288342614965717, 6.358627832389084, -4.233085700354096, -2.9246739319990604, -1.1299177692252167], [6.6492196183558985, -4.434852837334036, -0.7867479490247334, 0.8413918775354103, 6.336073989229079, -4.233070025736393, -3.281929136653617, 0.6293244944757517], [6.639355131211324, -4.4559831648489405, 0.8513261053114474, 0.12080713319066799, 6.354997101089431, -4.23152484986347, -2.8523973400585048, -0.6957992075302998], [6.257599458655929, -4.296848895233176, 0.7476285712973989, 0.8829317793803715, 6.34451644989107, -4.230351513591076, -2.9217359050140344, -0.7575012949599695], [6.801792913454281, -4.431488308364271, -1.6776027820294797, -0.693683480558421, 3.262502761968933, -4.228055620052863, -3.0969103715581867, 0.5071859618446023], [6.71612348832811, -4.429380125006409, -1.3629010789911864, -0.34247619081376857, 6.314090387446461, -4.229041579579412, -2.8650987446873266, -1.4123943258414147]]
[[8, 3], [8, 2], [9, 0], [10, 2], [9, 0], [10, 2], [8, 1], [7, 1], [11, 2], [10, 3], [11, 2], [10, 3]]

