--> 1 <--
[[5.862822815558989, 1.4980806934726427, -1.0577449121210378, 2.7606257949770736, 9.295292278496674, -2.584498839433678, -4.849372334843887, -8.67748516907315], [-8.301540706661502, -8.099325466490894, -4.905162672103193, -7.2340326919437885, -4.046529473545986, 6.034116673589423, -9.677514133917546, -9.312882941749365], [4.809319237694327, -8.751772602445797, -8.9306402287165, 8.458165670055, -3.1569658449627624, 7.027668649484152, 4.03490601339473, 3.005173585223318], [7.546225863853628, -4.910321396548484, 5.477915266728935, 8.83305557766759, 5.4101250492811666, -6.346543060050244, -1.676425403939092, -9.773107849404584], [7.95432105717639, 7.377873440825585, -7.664304273960372, 1.4819454013171391, -4.952405852383508, 1.6577401118342614, 4.3064401646057, -3.793579485207534], [5.491266102280212, 3.802523890056996, -9.834472045713149, -1.1367314404360016, -2.857732097453227, -1.7820639517386976, -9.575219675223629, -5.170343804811967], [4.5456895180077534, -3.6279549549744665, -6.389183161681404, 3.699509702167642, -7.15246005499957, -2.1875999012626117, -0.4862139211456338, 0.765323585187188], [-7.565137803595787, 9.420581610286987, -4.731700401781069, -6.466003548949201, -6.522093005421217, 0.16586877182687942, -1.9955870034637755, -8.770541467269341], [-2.029301346386781, -2.4736509646928724, -6.616251850221076, -8.186289465130091, -9.076698607391835, 4.983719722088608, -6.253187442965706, -7.879943051051679], [4.355351605904488, 6.214403391861932, -8.67193921446971, -1.902257860269474, -9.089758063817762, -1.882090475312852, -8.54407798909407, -2.562104693676204]]
[[8, 5], [5, 2], [7, 0], [9, 5], [6, 2], [6, 3], [7, 4], [6, 2], [7, 2], [3, 1]]

--> 2 <--
[[6.1413753493279195, -8.125976474737078, -6.3605577423382265, 8.740163850089717, 5.461516738954897, -5.742853191487872, -4.39088174813203, -9.603800984474942], [5.135378471742845, -4.712729137603585, -6.196986144686534, 8.252210385227478, -3.376135386552119, -5.008122618756139, -1.3542054692341476, -6.494112460536672], [3.97624418885502, -4.426614137706964, 0.26685732874084955, -4.012702161996771, -4.385580593676099, -2.2041777339885513, -0.5541701324779474, -7.279521524685149], [7.546225863853628, -4.910321396548484, 5.477915266728935, 8.83305557766759, 9.295292278496674, -2.584498839433678, -4.849372334843887, -8.67748516907315], [5.564028057438007, -4.501153472801483, -1.1173943258830183, 7.488504053962188, 9.018304367413029, -4.4163912233373255, -2.5005105852554834, -9.317475665391504], [-4.648077857165243, 9.38746275736851, -5.902454951714942, -7.202359262206825, 8.28461377339749, -2.4469713056245292, -1.5562402237408235, -1.739991817063731], [5.862822815558989, 1.4980806934726427, -5.932019343313598, 2.7606257949770736, 5.4101250492811666, -6.346543060050244, -1.676425403939092, -13.21843674433987], [5.611345498193828, 1.1033258142127473, -3.1098302695124107, 3.17541482149504, -6.161787310501759, -0.6428506412261763, -2.9448555955172986, -3.045344107844009], [3.60868097299473, -4.522589255692782, -2.8055990442519803, 5.0044125114021, 0.8812875295769225, -2.047230443775425, -5.08392303211503, -6.641931957527745], [7.4149820541940885, -4.781896974595693, 1.7509100106213402, 6.440736251189971, 2.6295569031433126, -5.25634128713859, -2.526067269399773, -5.695352059781969]]
[[6, 4], [7, 3], [7, 3], [6, 3], [4, 5], [5, 3], [5, 3], [4, 2], [6, 2], [7, 5]]

--> 3 <--
[[3.3893552255928947, 4.241067454535454, -4.678164860395486, -4.192410001887328, 7.8651652263587675, -5.161020716557135, -2.50726624722408, -6.239698461378756], [4.5019328956687215, -4.567241888461891, -7.430946580392862, -2.5349410302826323, 8.119949575107583, -5.648078215590711, -3.1561435328568854, -9.438307403648583], [3.97624418885502, -4.426614137706964, 0.26685732874084955, -1.9731791645197037, 2.6295569031433126, -5.25634128713859, -2.526067269399773, -5.695352059781969], [5.351043236429655, -2.1521545962488484, -4.352754233449705, 2.0021924037702936, 5.747070221019022, -4.6009007726375595, -2.506154260040756, -8.287843036624341], [4.8507137256222315, -3.1855479433399427, -2.68877829282979, -3.0850692441833028, 8.698853621113102, -4.728337933438625, -6.724681473115008, -8.60995888817157], [4.39223406512337, 3.364295432714538, 4.098648664871004, -1.5497389159006865, 4.646259607150168, -4.663104889603742, -2.513640260469667, -6.030599042992724], [4.164894421467268, -4.553770160101447, 5.337241947944148, -1.5958419476797043, 2.2090205909999328, -2.3298703719077065, -4.017796802469551, -10.774823747746844], [0.6488895170697955, -4.712729137603585, -6.196986144686534, 8.252210385227478, 9.018304367413029, -4.4163912233373255, -2.5005105852554834, -9.317475665391504], [5.431772689785943, -4.767748904629986, 0.7295747035985867, 0.6322243407459598, 3.1530432793009435, -4.663815388803174, -2.521031904847587, -7.665870143507199], [0.09968004590012391, -4.669427799298377, -3.850676918856693, 5.805510451573843, 9.237122691812754, -3.0470686226235184, -4.4969843888477765, -9.030382868477204]]
[[4, 1], [8, 5], [6, 2], [5, 3], [9, 1], [5, 4], [8, 3], [5, 4], [6, 1], [6, 4]]

--> 4 <--
[[5.366558345814265, -2.332499722584358, -0.867321110141805, 1.6645123978629999, 5.320747112847279, -4.424930798272495, -2.5005532244435416, -6.674824416906118], [4.5019328956687215, -4.567241888461891, -7.430946580392862, 1.976735970319802, 4.646259607150168, -4.663104889603742, -2.513640260469667, -6.030599042992724], [4.8507137256222315, -3.1855479433399427, -2.68877829282979, -3.0850692441833028, 8.119949575107583, -5.648078215590711, -3.1561435328568854, -9.438307403648583], [4.5784675867687294, -3.604591210077527, -5.208934429829222, -3.026050422215304, 5.146009067378428, -3.0688447471137166, -3.516542914477866, -6.522613467525838], [3.251292123224902, -4.617811751144046, 2.9580993572867116, 5.470186997450654, 8.326571943693287, -5.60290922920677, -2.928377534705293, -9.437264154261504], [4.360106646870361, -4.149952356159063, -1.2482966592446256, -2.4162522915463676, 5.388935189922844, -4.764093372685865, -2.641023153195635, -9.39442175828726], [4.612745993898585, -4.124267399183502, -5.526571026943098, -2.9218594665780686, 11.389218587506065, -5.382281237765404, -3.809918138044593, -9.420134166216599], [4.786189820198783, -1.4795658269337122, -3.77608296180018, -3.339003334512965, 7.926114916361616, -3.8012131607118462, -3.4659781630081308, -9.694965910617722], [4.85661933256273, -4.375385728243656, -3.3795235862486726, -0.49075759588139334, 4.947302477239035, -3.420458238734582, -3.3286772486061453, -9.50099851641679], [4.705454431181341, -4.196315028049298, -1.4669072271431831, -2.2679350224652324, 8.63631002032274, -3.401321467600371, -3.9082817628798976, -9.20241674047617]]
[[6, 2], [8, 1], [6, 5], [7, 1], [7, 0], [7, 2], [8, 1], [6, 4], [8, 3], [6, 2]]

